230.000000 1619.000000 89.000000
225.000000 1621.000000 89.000000
223.000000 1623.000000 89.000000
231.000000 1618.000000 90.000000
236.000000 1618.000000 90.000000
228.000000 1619.000000 90.000000
226.000000 1620.000000 90.000000
236.000000 1620.000000 91.000000
205.000000 1606.000000 92.000000
203.000000 1607.000000 92.000000
234.000000 1622.000000 92.000000
233.000000 1624.000000 92.000000
234.000000 1626.000000 92.000000
206.000000 1607.000000 93.000000
208.000000 1609.000000 93.000000
235.000000 1628.000000 93.000000
235.000000 1634.000000 93.000000
209.000000 1611.000000 94.000000
235.000000 1636.000000 94.000000
214.000000 1611.000000 95.000000
211.000000 1612.000000 95.000000
236.000000 1638.000000 95.000000
236.000000 1640.000000 95.000000
212.000000 1611.000000 96.000000
216.000000 1612.000000 96.000000
217.000000 1612.000000 96.000000
222.000000 1617.000000 96.000000
223.000000 1619.000000 96.000000
223.000000 1620.000000 96.000000
226.000000 1623.000000 96.000000
233.000000 1635.000000 96.000000
235.000000 1637.000000 96.000000
227.000000 1625.000000 97.000000
229.000000 1629.000000 97.000000
230.000000 1630.000000 97.000000
230.000000 1632.000000 97.000000
232.000000 1634.000000 97.000000
238.000000 1642.000000 97.000000
239.000000 1643.000000 97.000000
243.000000 1643.000000 97.000000
245.000000 1644.000000 98.000000
388.000000 1893.000000 98.000000
386.000000 1894.000000 99.000000
383.000000 1895.000000 99.000000
384.000000 1895.000000 99.000000
381.000000 1897.000000 99.000000
247.000000 1644.000000 100.000000
249.000000 1644.000000 100.000000
380.000000 1897.000000 100.000000
251.000000 1644.000000 101.000000
252.000000 1644.000000 101.000000
255.000000 1678.000000 101.000000
255.000000 1680.000000 101.000000
254.000000 1681.000000 101.000000
254.000000 1684.000000 101.000000
375.000000 1897.000000 101.000000
378.000000 1897.000000 101.000000
374.000000 1898.000000 101.000000
372.000000 1899.000000 101.000000
254.000000 1643.000000 102.000000
256.000000 1644.000000 102.000000
257.000000 1672.000000 102.000000
257.000000 1674.000000 102.000000
256.000000 1676.000000 102.000000
255.000000 1677.000000 102.000000
368.000000 1897.000000 102.000000
370.000000 1899.000000 102.000000
371.000000 1899.000000 102.000000
258.000000 1645.000000 103.000000
259.000000 1646.000000 103.000000
261.000000 1646.000000 103.000000
261.000000 1666.000000 103.000000
259.000000 1668.000000 103.000000
258.000000 1670.000000 103.000000
365.000000 1892.000000 103.000000
368.000000 1895.000000 103.000000
368.000000 1896.000000 103.000000
352.000000 1944.000000 103.000000
351.000000 1945.000000 103.000000
351.000000 1947.000000 103.000000
262.000000 1646.000000 104.000000
265.000000 1646.000000 104.000000
262.000000 1664.000000 104.000000
261.000000 1665.000000 104.000000
364.000000 1892.000000 104.000000
362.000000 1893.000000 104.000000
352.000000 1920.000000 104.000000
352.000000 1922.000000 104.000000
351.000000 1927.000000 104.000000
352.000000 1930.000000 104.000000
352.000000 1942.000000 104.000000
267.000000 1647.000000 105.000000
272.000000 1647.000000 105.000000
270.000000 1657.000000 105.000000
268.000000 1659.000000 105.000000
265.000000 1660.000000 105.000000
266.000000 1660.000000 105.000000
263.000000 1662.000000 105.000000
378.000000 1686.000000 105.000000
377.000000 1688.000000 105.000000
361.000000 1892.000000 105.000000
357.000000 1908.000000 105.000000
357.000000 1913.000000 105.000000
355.000000 1915.000000 105.000000
355.000000 1916.000000 105.000000
353.000000 1918.000000 105.000000
352.000000 1923.000000 105.000000
352.000000 1925.000000 105.000000
352.000000 1929.000000 105.000000
274.000000 1648.000000 106.000000
276.000000 1650.000000 106.000000
274.000000 1654.000000 106.000000
272.000000 1656.000000 106.000000
376.000000 1690.000000 106.000000
374.000000 1692.000000 106.000000
370.000000 1694.000000 106.000000
367.000000 1695.000000 106.000000
365.000000 1697.000000 106.000000
336.000000 1711.000000 106.000000
334.000000 1712.000000 106.000000
359.000000 1894.000000 106.000000
358.000000 1896.000000 106.000000
357.000000 1897.000000 106.000000
357.000000 1900.000000 106.000000
356.000000 1902.000000 106.000000
357.000000 1903.000000 106.000000
357.000000 1907.000000 106.000000
277.000000 1650.000000 107.000000
279.000000 1650.000000 107.000000
281.000000 1651.000000 107.000000
369.000000 1694.000000 107.000000
364.000000 1697.000000 107.000000
361.000000 1700.000000 107.000000
332.000000 1712.000000 107.000000
324.000000 1713.000000 107.000000
330.000000 1713.000000 107.000000
321.000000 1714.000000 107.000000
323.000000 1714.000000 107.000000
320.000000 1715.000000 107.000000
316.000000 1716.000000 107.000000
364.000000 1881.000000 107.000000
362.000000 1885.000000 107.000000
362.000000 1886.000000 107.000000
361.000000 1888.000000 107.000000
361.000000 1890.000000 107.000000
283.000000 1652.000000 108.000000
291.000000 1652.000000 108.000000
318.000000 1715.000000 108.000000
314.000000 1716.000000 108.000000
312.000000 1717.000000 108.000000
313.000000 1717.000000 108.000000
306.000000 1719.000000 108.000000
308.000000 1719.000000 108.000000
305.000000 1720.000000 108.000000
300.000000 1722.000000 108.000000
301.000000 1722.000000 108.000000
298.000000 1724.000000 108.000000
297.000000 1726.000000 108.000000
296.000000 1729.000000 108.000000
295.000000 1731.000000 108.000000
367.000000 1874.000000 108.000000
367.000000 1878.000000 108.000000
366.000000 1879.000000 108.000000
292.000000 1652.000000 109.000000
294.000000 1652.000000 109.000000
359.000000 1704.000000 109.000000
356.000000 1710.000000 109.000000
297.000000 1727.000000 109.000000
291.000000 1733.000000 109.000000
291.000000 1737.000000 109.000000
294.000000 1743.000000 109.000000
294.000000 1745.000000 109.000000
293.000000 1746.000000 109.000000
293.000000 1748.000000 109.000000
294.000000 1750.000000 109.000000
295.000000 1753.000000 109.000000
295.000000 1755.000000 109.000000
297.000000 1759.000000 109.000000
299.000000 1761.000000 109.000000
397.000000 1762.000000 109.000000
394.000000 1764.000000 109.000000
396.000000 1764.000000 109.000000
366.000000 1856.000000 109.000000
367.000000 1862.000000 109.000000
363.000000 1866.000000 109.000000
365.000000 1866.000000 109.000000
362.000000 1867.000000 109.000000
366.000000 1867.000000 109.000000
358.000000 1869.000000 109.000000
366.000000 1869.000000 109.000000
367.000000 1870.000000 109.000000
367.000000 1873.000000 109.000000
352.000000 1875.000000 109.000000
350.000000 1877.000000 109.000000
346.000000 1878.000000 109.000000
348.000000 1878.000000 109.000000
343.000000 1881.000000 109.000000
296.000000 1654.000000 110.000000
255.000000 1700.000000 110.000000
256.000000 1702.000000 110.000000
256.000000 1703.000000 110.000000
356.000000 1712.000000 110.000000
356.000000 1714.000000 110.000000
355.000000 1716.000000 110.000000
353.000000 1719.000000 110.000000
298.000000 1727.000000 110.000000
293.000000 1732.000000 110.000000
280.000000 1737.000000 110.000000
278.000000 1739.000000 110.000000
293.000000 1742.000000 110.000000
295.000000 1752.000000 110.000000
380.000000 1758.000000 110.000000
381.000000 1760.000000 110.000000
300.000000 1761.000000 110.000000
306.000000 1761.000000 110.000000
391.000000 1761.000000 110.000000
383.000000 1762.000000 110.000000
389.000000 1762.000000 110.000000
393.000000 1763.000000 110.000000
356.000000 1835.000000 110.000000
361.000000 1840.000000 110.000000
362.000000 1842.000000 110.000000
362.000000 1844.000000 110.000000
365.000000 1850.000000 110.000000
365.000000 1852.000000 110.000000
366.000000 1854.000000 110.000000
367.000000 1857.000000 110.000000
368.000000 1859.000000 110.000000
368.000000 1860.000000 110.000000
360.000000 1867.000000 110.000000
359.000000 1868.000000 110.000000
356.000000 1870.000000 110.000000
354.000000 1872.000000 110.000000
355.000000 1872.000000 110.000000
352.000000 1874.000000 110.000000
298.000000 1655.000000 111.000000
355.000000 1717.000000 111.000000
352.000000 1719.000000 111.000000
350.000000 1721.000000 111.000000
349.000000 1723.000000 111.000000
347.000000 1724.000000 111.000000
285.000000 1734.000000 111.000000
287.000000 1734.000000 111.000000
284.000000 1735.000000 111.000000
282.000000 1736.000000 111.000000
379.000000 1754.000000 111.000000
380.000000 1756.000000 111.000000
308.000000 1762.000000 111.000000
309.000000 1762.000000 111.000000
311.000000 1764.000000 111.000000
311.000000 1766.000000 111.000000
313.000000 1768.000000 111.000000
315.000000 1769.000000 111.000000
359.000000 1825.000000 111.000000
359.000000 1826.000000 111.000000
357.000000 1828.000000 111.000000
356.000000 1830.000000 111.000000
356.000000 1833.000000 111.000000
357.000000 1834.000000 111.000000
300.000000 1657.000000 112.000000
302.000000 1659.000000 112.000000
258.000000 1705.000000 112.000000
259.000000 1706.000000 112.000000
262.000000 1706.000000 112.000000
346.000000 1724.000000 112.000000
342.000000 1725.000000 112.000000
344.000000 1725.000000 112.000000
341.000000 1726.000000 112.000000
298.000000 1729.000000 112.000000
290.000000 1733.000000 112.000000
289.000000 1734.000000 112.000000
377.000000 1747.000000 112.000000
378.000000 1749.000000 112.000000
379.000000 1750.000000 112.000000
379.000000 1752.000000 112.000000
317.000000 1769.000000 112.000000
321.000000 1771.000000 112.000000
324.000000 1771.000000 112.000000
325.000000 1772.000000 112.000000
327.000000 1772.000000 112.000000
362.000000 1817.000000 112.000000
362.000000 1819.000000 112.000000
360.000000 1821.000000 112.000000
360.000000 1823.000000 112.000000
303.000000 1659.000000 113.000000
305.000000 1660.000000 113.000000
309.000000 1660.000000 113.000000
266.000000 1704.000000 113.000000
269.000000 1704.000000 113.000000
263.000000 1705.000000 113.000000
265.000000 1705.000000 113.000000
271.000000 1705.000000 113.000000
339.000000 1727.000000 113.000000
337.000000 1729.000000 113.000000
376.000000 1739.000000 113.000000
376.000000 1744.000000 113.000000
377.000000 1745.000000 113.000000
328.000000 1772.000000 113.000000
334.000000 1772.000000 113.000000
365.000000 1804.000000 113.000000
367.000000 1806.000000 113.000000
367.000000 1808.000000 113.000000
367.000000 1810.000000 113.000000
365.000000 1814.000000 113.000000
363.000000 1816.000000 113.000000
311.000000 1660.000000 114.000000
313.000000 1661.000000 114.000000
315.000000 1663.000000 114.000000
272.000000 1705.000000 114.000000
278.000000 1708.000000 114.000000
334.000000 1727.000000 114.000000
335.000000 1728.000000 114.000000
300.000000 1729.000000 114.000000
304.000000 1729.000000 114.000000
370.000000 1731.000000 114.000000
374.000000 1733.000000 114.000000
374.000000 1737.000000 114.000000
375.000000 1738.000000 114.000000
336.000000 1773.000000 114.000000
340.000000 1773.000000 114.000000
363.000000 1796.000000 114.000000
364.000000 1798.000000 114.000000
364.000000 1800.000000 114.000000
365.000000 1801.000000 114.000000
365.000000 1803.000000 114.000000
367.000000 1807.000000 114.000000
359.000000 1615.000000 115.000000
361.000000 1615.000000 115.000000
365.000000 1616.000000 115.000000
367.000000 1616.000000 115.000000
371.000000 1616.000000 115.000000
373.000000 1616.000000 115.000000
262.000000 1659.000000 115.000000
316.000000 1664.000000 115.000000
318.000000 1664.000000 115.000000
320.000000 1665.000000 115.000000
279.000000 1668.000000 115.000000
281.000000 1670.000000 115.000000
282.000000 1672.000000 115.000000
284.000000 1672.000000 115.000000
279.000000 1708.000000 115.000000
281.000000 1708.000000 115.000000
312.000000 1725.000000 115.000000
307.000000 1726.000000 115.000000
310.000000 1726.000000 115.000000
332.000000 1726.000000 115.000000
367.000000 1726.000000 115.000000
305.000000 1728.000000 115.000000
368.000000 1728.000000 115.000000
368.000000 1729.000000 115.000000
342.000000 1772.000000 115.000000
360.000000 1785.000000 115.000000
361.000000 1787.000000 115.000000
362.000000 1789.000000 115.000000
362.000000 1794.000000 115.000000
344.000000 1611.000000 116.000000
346.000000 1611.000000 116.000000
348.000000 1611.000000 116.000000
349.000000 1612.000000 116.000000
351.000000 1612.000000 116.000000
352.000000 1613.000000 116.000000
354.000000 1613.000000 116.000000
356.000000 1614.000000 116.000000
358.000000 1614.000000 116.000000
362.000000 1615.000000 116.000000
364.000000 1615.000000 116.000000
386.000000 1615.000000 116.000000
388.000000 1615.000000 116.000000
368.000000 1616.000000 116.000000
370.000000 1616.000000 116.000000
374.000000 1616.000000 116.000000
385.000000 1616.000000 116.000000
255.000000 1619.000000 116.000000
253.000000 1626.000000 116.000000
251.000000 1628.000000 116.000000
249.000000 1632.000000 116.000000
250.000000 1634.000000 116.000000
252.000000 1636.000000 116.000000
252.000000 1637.000000 116.000000
254.000000 1639.000000 116.000000
254.000000 1644.000000 116.000000
255.000000 1645.000000 116.000000
255.000000 1647.000000 116.000000
257.000000 1649.000000 116.000000
257.000000 1651.000000 116.000000
259.000000 1653.000000 116.000000
260.000000 1653.000000 116.000000
262.000000 1655.000000 116.000000
262.000000 1657.000000 116.000000
263.000000 1661.000000 116.000000
264.000000 1662.000000 116.000000
268.000000 1662.000000 116.000000
270.000000 1664.000000 116.000000
272.000000 1665.000000 116.000000
274.000000 1665.000000 116.000000
319.000000 1666.000000 116.000000
278.000000 1667.000000 116.000000
310.000000 1670.000000 116.000000
305.000000 1671.000000 116.000000
308.000000 1671.000000 116.000000
300.000000 1672.000000 116.000000
304.000000 1672.000000 116.000000
286.000000 1673.000000 116.000000
287.000000 1673.000000 116.000000
299.000000 1673.000000 116.000000
295.000000 1674.000000 116.000000
297.000000 1674.000000 116.000000
289.000000 1675.000000 116.000000
294.000000 1675.000000 116.000000
282.000000 1707.000000 116.000000
284.000000 1707.000000 116.000000
314.000000 1724.000000 116.000000
318.000000 1724.000000 116.000000
367.000000 1724.000000 116.000000
311.000000 1725.000000 116.000000
330.000000 1725.000000 116.000000
331.000000 1726.000000 116.000000
343.000000 1769.000000 116.000000
343.000000 1771.000000 116.000000
357.000000 1776.000000 116.000000
357.000000 1778.000000 116.000000
358.000000 1780.000000 116.000000
361.000000 1783.000000 116.000000
362.000000 1788.000000 116.000000
259.000000 1607.000000 117.000000
257.000000 1609.000000 117.000000
340.000000 1609.000000 117.000000
257.000000 1610.000000 117.000000
342.000000 1610.000000 117.000000
345.000000 1611.000000 117.000000
255.000000 1612.000000 117.000000
255.000000 1613.000000 117.000000
396.000000 1614.000000 117.000000
399.000000 1614.000000 117.000000
257.000000 1615.000000 117.000000
389.000000 1615.000000 117.000000
395.000000 1615.000000 117.000000
400.000000 1615.000000 117.000000
404.000000 1615.000000 117.000000
257.000000 1617.000000 117.000000
254.000000 1621.000000 117.000000
253.000000 1622.000000 117.000000
253.000000 1624.000000 117.000000
250.000000 1630.000000 117.000000
326.000000 1665.000000 117.000000
323.000000 1666.000000 117.000000
324.000000 1666.000000 117.000000
318.000000 1669.000000 117.000000
311.000000 1670.000000 117.000000
317.000000 1670.000000 117.000000
286.000000 1706.000000 117.000000
365.000000 1722.000000 117.000000
328.000000 1724.000000 117.000000
319.000000 1725.000000 117.000000
321.000000 1725.000000 117.000000
326.000000 1725.000000 117.000000
322.000000 1726.000000 117.000000
325.000000 1726.000000 117.000000
280.000000 1762.000000 117.000000
284.000000 1762.000000 117.000000
285.000000 1762.000000 117.000000
286.000000 1764.000000 117.000000
288.000000 1765.000000 117.000000
349.000000 1766.000000 117.000000
353.000000 1766.000000 117.000000
345.000000 1767.000000 117.000000
348.000000 1767.000000 117.000000
291.000000 1768.000000 117.000000
295.000000 1768.000000 117.000000
355.000000 1772.000000 117.000000
356.000000 1774.000000 117.000000
334.000000 1604.000000 118.000000
335.000000 1604.000000 118.000000
261.000000 1607.000000 118.000000
338.000000 1607.000000 118.000000
413.000000 1613.000000 118.000000
406.000000 1614.000000 118.000000
410.000000 1614.000000 118.000000
405.000000 1615.000000 118.000000
327.000000 1665.000000 118.000000
331.000000 1665.000000 118.000000
292.000000 1705.000000 118.000000
287.000000 1706.000000 118.000000
290.000000 1706.000000 118.000000
327.000000 1723.000000 118.000000
286.000000 1756.000000 118.000000
286.000000 1759.000000 118.000000
354.000000 1759.000000 118.000000
353.000000 1761.000000 118.000000
353.000000 1764.000000 118.000000
355.000000 1768.000000 118.000000
354.000000 1770.000000 118.000000
321.000000 1598.000000 119.000000
325.000000 1598.000000 119.000000
329.000000 1600.000000 119.000000
331.000000 1601.000000 119.000000
332.000000 1602.000000 119.000000
423.000000 1609.000000 119.000000
417.000000 1611.000000 119.000000
415.000000 1612.000000 119.000000
411.000000 1613.000000 119.000000
334.000000 1662.000000 119.000000
332.000000 1663.000000 119.000000
332.000000 1664.000000 119.000000
293.000000 1704.000000 119.000000
363.000000 1721.000000 119.000000
354.000000 1746.000000 119.000000
292.000000 1747.000000 119.000000
290.000000 1749.000000 119.000000
354.000000 1752.000000 119.000000
288.000000 1753.000000 119.000000
355.000000 1753.000000 119.000000
355.000000 1757.000000 119.000000
306.000000 1765.000000 119.000000
308.000000 1765.000000 119.000000
297.000000 1766.000000 119.000000
305.000000 1766.000000 119.000000
354.000000 1771.000000 119.000000
352.000000 1773.000000 119.000000
312.000000 1598.000000 120.000000
320.000000 1598.000000 120.000000
326.000000 1598.000000 120.000000
262.000000 1605.000000 120.000000
421.000000 1609.000000 120.000000
420.000000 1610.000000 120.000000
418.000000 1611.000000 120.000000
339.000000 1661.000000 120.000000
335.000000 1662.000000 120.000000
337.000000 1662.000000 120.000000
293.000000 1702.000000 120.000000
328.000000 1720.000000 120.000000
360.000000 1720.000000 120.000000
361.000000 1720.000000 120.000000
327.000000 1721.000000 120.000000
354.000000 1734.000000 120.000000
354.000000 1739.000000 120.000000
355.000000 1740.000000 120.000000
298.000000 1742.000000 120.000000
355.000000 1742.000000 120.000000
295.000000 1745.000000 120.000000
354.000000 1745.000000 120.000000
293.000000 1746.000000 120.000000
287.000000 1756.000000 120.000000
309.000000 1765.000000 120.000000
312.000000 1765.000000 120.000000
304.000000 1598.000000 121.000000
306.000000 1598.000000 121.000000
309.000000 1598.000000 121.000000
311.000000 1598.000000 121.000000
301.000000 1600.000000 121.000000
297.000000 1601.000000 121.000000
327.000000 1601.000000 121.000000
263.000000 1605.000000 121.000000
287.000000 1605.000000 121.000000
289.000000 1605.000000 121.000000
340.000000 1660.000000 121.000000
342.000000 1660.000000 121.000000
275.000000 1685.000000 121.000000
268.000000 1692.000000 121.000000
268.000000 1696.000000 121.000000
267.000000 1697.000000 121.000000
293.000000 1698.000000 121.000000
267.000000 1699.000000 121.000000
266.000000 1700.000000 121.000000
291.000000 1700.000000 121.000000
284.000000 1701.000000 121.000000
290.000000 1701.000000 121.000000
266.000000 1702.000000 121.000000
280.000000 1702.000000 121.000000
283.000000 1702.000000 121.000000
279.000000 1704.000000 121.000000
264.000000 1706.000000 121.000000
265.000000 1707.000000 121.000000
275.000000 1707.000000 121.000000
276.000000 1707.000000 121.000000
265.000000 1709.000000 121.000000
271.000000 1709.000000 121.000000
273.000000 1709.000000 121.000000
266.000000 1710.000000 121.000000
270.000000 1710.000000 121.000000
265.000000 1711.000000 121.000000
265.000000 1713.000000 121.000000
331.000000 1714.000000 121.000000
266.000000 1715.000000 121.000000
329.000000 1716.000000 121.000000
328.000000 1718.000000 121.000000
353.000000 1728.000000 121.000000
353.000000 1730.000000 121.000000
354.000000 1732.000000 121.000000
354.000000 1733.000000 121.000000
297.000000 1735.000000 121.000000
299.000000 1741.000000 121.000000
300.000000 1741.000000 121.000000
302.000000 1743.000000 121.000000
313.000000 1764.000000 121.000000
317.000000 1764.000000 121.000000
346.000000 1775.000000 121.000000
349.000000 1775.000000 121.000000
348.000000 1776.000000 121.000000
302.000000 1599.000000 122.000000
307.000000 1599.000000 122.000000
254.000000 1600.000000 122.000000
256.000000 1600.000000 122.000000
299.000000 1600.000000 122.000000
294.000000 1601.000000 122.000000
295.000000 1601.000000 122.000000
298.000000 1601.000000 122.000000
258.000000 1602.000000 122.000000
292.000000 1603.000000 122.000000
290.000000 1604.000000 122.000000
261.000000 1605.000000 122.000000
264.000000 1605.000000 122.000000
269.000000 1605.000000 122.000000
276.000000 1605.000000 122.000000
286.000000 1605.000000 122.000000
270.000000 1606.000000 122.000000
274.000000 1606.000000 122.000000
343.000000 1659.000000 122.000000
346.000000 1659.000000 122.000000
288.000000 1669.000000 122.000000
286.000000 1671.000000 122.000000
284.000000 1673.000000 122.000000
285.000000 1673.000000 122.000000
282.000000 1675.000000 122.000000
281.000000 1677.000000 122.000000
281.000000 1678.000000 122.000000
278.000000 1681.000000 122.000000
275.000000 1684.000000 122.000000
295.000000 1696.000000 122.000000
335.000000 1710.000000 122.000000
333.000000 1711.000000 122.000000
332.000000 1713.000000 122.000000
267.000000 1717.000000 122.000000
267.000000 1719.000000 122.000000
358.000000 1720.000000 122.000000
270.000000 1722.000000 122.000000
272.000000 1722.000000 122.000000
307.000000 1722.000000 122.000000
306.000000 1724.000000 122.000000
304.000000 1726.000000 122.000000
304.000000 1727.000000 122.000000
351.000000 1728.000000 122.000000
299.000000 1732.000000 122.000000
297.000000 1733.000000 122.000000
298.000000 1736.000000 122.000000
301.000000 1739.000000 122.000000
353.000000 1743.000000 122.000000
304.000000 1744.000000 122.000000
305.000000 1745.000000 122.000000
310.000000 1745.000000 122.000000
282.000000 1751.000000 122.000000
282.000000 1752.000000 122.000000
285.000000 1755.000000 122.000000
321.000000 1764.000000 122.000000
324.000000 1764.000000 122.000000
319.000000 1765.000000 122.000000
325.000000 1765.000000 122.000000
330.000000 1765.000000 122.000000
334.000000 1765.000000 122.000000
335.000000 1765.000000 122.000000
340.000000 1770.000000 122.000000
341.000000 1770.000000 122.000000
343.000000 1772.000000 122.000000
344.000000 1774.000000 122.000000
352.000000 1774.000000 122.000000
351.000000 1786.000000 122.000000
354.000000 1901.000000 122.000000
354.000000 1907.000000 122.000000
355.000000 1908.000000 122.000000
355.000000 1910.000000 122.000000
357.000000 1914.000000 122.000000
360.000000 1917.000000 122.000000
354.000000 1566.000000 123.000000
338.000000 1567.000000 123.000000
346.000000 1567.000000 123.000000
352.000000 1567.000000 123.000000
334.000000 1568.000000 123.000000
337.000000 1568.000000 123.000000
331.000000 1569.000000 123.000000
333.000000 1569.000000 123.000000
348.000000 1569.000000 123.000000
350.000000 1569.000000 123.000000
329.000000 1570.000000 123.000000
324.000000 1575.000000 123.000000
322.000000 1576.000000 123.000000
320.000000 1577.000000 123.000000
318.000000 1578.000000 123.000000
318.000000 1580.000000 123.000000
317.000000 1581.000000 123.000000
317.000000 1583.000000 123.000000
316.000000 1585.000000 123.000000
315.000000 1586.000000 123.000000
315.000000 1588.000000 123.000000
314.000000 1589.000000 123.000000
314.000000 1591.000000 123.000000
313.000000 1593.000000 123.000000
310.000000 1596.000000 123.000000
310.000000 1597.000000 123.000000
251.000000 1598.000000 123.000000
253.000000 1599.000000 123.000000
308.000000 1600.000000 123.000000
306.000000 1602.000000 123.000000
326.000000 1602.000000 123.000000
319.000000 1603.000000 123.000000
325.000000 1603.000000 123.000000
305.000000 1604.000000 123.000000
316.000000 1604.000000 123.000000
318.000000 1604.000000 123.000000
305.000000 1605.000000 123.000000
314.000000 1606.000000 123.000000
303.000000 1607.000000 123.000000
310.000000 1607.000000 123.000000
312.000000 1607.000000 123.000000
302.000000 1609.000000 123.000000
303.000000 1610.000000 123.000000
302.000000 1611.000000 123.000000
302.000000 1614.000000 123.000000
299.000000 1656.000000 123.000000
298.000000 1658.000000 123.000000
347.000000 1658.000000 123.000000
349.000000 1658.000000 123.000000
296.000000 1660.000000 123.000000
294.000000 1664.000000 123.000000
346.000000 1692.000000 123.000000
338.000000 1707.000000 123.000000
336.000000 1709.000000 123.000000
314.000000 1713.000000 123.000000
312.000000 1715.000000 123.000000
311.000000 1717.000000 123.000000
311.000000 1718.000000 123.000000
309.000000 1720.000000 123.000000
273.000000 1723.000000 123.000000
307.000000 1723.000000 123.000000
273.000000 1726.000000 123.000000
271.000000 1728.000000 123.000000
272.000000 1735.000000 123.000000
275.000000 1741.000000 123.000000
275.000000 1742.000000 123.000000
342.000000 1745.000000 123.000000
351.000000 1745.000000 123.000000
312.000000 1746.000000 123.000000
352.000000 1748.000000 123.000000
280.000000 1749.000000 123.000000
339.000000 1750.000000 123.000000
336.000000 1753.000000 123.000000
352.000000 1753.000000 123.000000
352.000000 1756.000000 123.000000
332.000000 1761.000000 123.000000
353.000000 1762.000000 123.000000
332.000000 1763.000000 123.000000
350.000000 1786.000000 123.000000
354.000000 1789.000000 123.000000
345.000000 1803.000000 123.000000
346.000000 1803.000000 123.000000
342.000000 1806.000000 123.000000
355.000000 1896.000000 123.000000
354.000000 1898.000000 123.000000
354.000000 1900.000000 123.000000
330.000000 1569.000000 124.000000
321.000000 1576.000000 124.000000
251.000000 1593.000000 124.000000
250.000000 1595.000000 124.000000
251.000000 1596.000000 124.000000
303.000000 1616.000000 124.000000
303.000000 1619.000000 124.000000
304.000000 1621.000000 124.000000
306.000000 1623.000000 124.000000
247.000000 1630.000000 124.000000
310.000000 1631.000000 124.000000
248.000000 1632.000000 124.000000
310.000000 1633.000000 124.000000
312.000000 1635.000000 124.000000
248.000000 1636.000000 124.000000
313.000000 1637.000000 124.000000
247.000000 1638.000000 124.000000
248.000000 1639.000000 124.000000
313.000000 1640.000000 124.000000
314.000000 1642.000000 124.000000
248.000000 1643.000000 124.000000
284.000000 1643.000000 124.000000
288.000000 1643.000000 124.000000
289.000000 1644.000000 124.000000
292.000000 1644.000000 124.000000
318.000000 1646.000000 124.000000
250.000000 1647.000000 124.000000
251.000000 1648.000000 124.000000
300.000000 1648.000000 124.000000
318.000000 1650.000000 124.000000
319.000000 1650.000000 124.000000
303.000000 1651.000000 124.000000
317.000000 1651.000000 124.000000
302.000000 1653.000000 124.000000
301.000000 1654.000000 124.000000
257.000000 1657.000000 124.000000
298.000000 1657.000000 124.000000
350.000000 1658.000000 124.000000
352.000000 1658.000000 124.000000
257.000000 1660.000000 124.000000
258.000000 1661.000000 124.000000
295.000000 1662.000000 124.000000
290.000000 1671.000000 124.000000
292.000000 1671.000000 124.000000
258.000000 1672.000000 124.000000
293.000000 1672.000000 124.000000
260.000000 1676.000000 124.000000
341.000000 1676.000000 124.000000
262.000000 1677.000000 124.000000
341.000000 1678.000000 124.000000
264.000000 1679.000000 124.000000
265.000000 1679.000000 124.000000
268.000000 1682.000000 124.000000
269.000000 1682.000000 124.000000
271.000000 1683.000000 124.000000
274.000000 1683.000000 124.000000
347.000000 1692.000000 124.000000
341.000000 1697.000000 124.000000
353.000000 1698.000000 124.000000
355.000000 1698.000000 124.000000
340.000000 1699.000000 124.000000
356.000000 1699.000000 124.000000
359.000000 1699.000000 124.000000
361.000000 1700.000000 124.000000
340.000000 1702.000000 124.000000
339.000000 1703.000000 124.000000
339.000000 1705.000000 124.000000
319.000000 1707.000000 124.000000
321.000000 1707.000000 124.000000
322.000000 1708.000000 124.000000
423.000000 1709.000000 124.000000
316.000000 1710.000000 124.000000
315.000000 1712.000000 124.000000
419.000000 1712.000000 124.000000
420.000000 1712.000000 124.000000
354.000000 1716.000000 124.000000
413.000000 1716.000000 124.000000
415.000000 1716.000000 124.000000
356.000000 1718.000000 124.000000
345.000000 1721.000000 124.000000
345.000000 1723.000000 124.000000
344.000000 1724.000000 124.000000
344.000000 1726.000000 124.000000
271.000000 1730.000000 124.000000
341.000000 1732.000000 124.000000
271.000000 1733.000000 124.000000
340.000000 1733.000000 124.000000
340.000000 1735.000000 124.000000
339.000000 1737.000000 124.000000
273.000000 1739.000000 124.000000
342.000000 1740.000000 124.000000
342.000000 1743.000000 124.000000
275.000000 1746.000000 124.000000
314.000000 1746.000000 124.000000
320.000000 1746.000000 124.000000
351.000000 1746.000000 124.000000
321.000000 1747.000000 124.000000
325.000000 1747.000000 124.000000
277.000000 1748.000000 124.000000
339.000000 1748.000000 124.000000
353.000000 1750.000000 124.000000
364.000000 1750.000000 124.000000
352.000000 1752.000000 124.000000
353.000000 1757.000000 124.000000
353.000000 1760.000000 124.000000
374.000000 1760.000000 124.000000
373.000000 1761.000000 124.000000
353.000000 1763.000000 124.000000
373.000000 1763.000000 124.000000
372.000000 1764.000000 124.000000
372.000000 1769.000000 124.000000
353.000000 1771.000000 124.000000
351.000000 1776.000000 124.000000
368.000000 1777.000000 124.000000
367.000000 1778.000000 124.000000
367.000000 1780.000000 124.000000
351.000000 1781.000000 124.000000
350.000000 1782.000000 124.000000
366.000000 1782.000000 124.000000
350.000000 1785.000000 124.000000
362.000000 1786.000000 124.000000
349.000000 1787.000000 124.000000
353.000000 1788.000000 124.000000
361.000000 1788.000000 124.000000
350.000000 1790.000000 124.000000
355.000000 1790.000000 124.000000
357.000000 1790.000000 124.000000
349.000000 1791.000000 124.000000
348.000000 1801.000000 124.000000
349.000000 1801.000000 124.000000
350.000000 1803.000000 124.000000
354.000000 1807.000000 124.000000
340.000000 1808.000000 124.000000
354.000000 1809.000000 124.000000
339.000000 1810.000000 124.000000
356.000000 1811.000000 124.000000
339.000000 1813.000000 124.000000
359.000000 1888.000000 124.000000
358.000000 1889.000000 124.000000
358.000000 1891.000000 124.000000
357.000000 1893.000000 124.000000
356.000000 1894.000000 124.000000
283.000000 1643.000000 125.000000
252.000000 1650.000000 125.000000
321.000000 1650.000000 125.000000
254.000000 1653.000000 125.000000
257.000000 1656.000000 125.000000
325.000000 1676.000000 125.000000
302.000000 1677.000000 125.000000
276.000000 1681.000000 125.000000
342.000000 1681.000000 125.000000
279.000000 1682.000000 125.000000
281.000000 1682.000000 125.000000
346.000000 1689.000000 125.000000
347.000000 1690.000000 125.000000
343.000000 1696.000000 125.000000
350.000000 1696.000000 125.000000
351.000000 1697.000000 125.000000
363.000000 1699.000000 125.000000
325.000000 1700.000000 125.000000
365.000000 1700.000000 125.000000
367.000000 1700.000000 125.000000
314.000000 1704.000000 125.000000
315.000000 1705.000000 125.000000
317.000000 1705.000000 125.000000
428.000000 1707.000000 125.000000
424.000000 1709.000000 125.000000
407.000000 1717.000000 125.000000
409.000000 1717.000000 125.000000
411.000000 1717.000000 125.000000
410.000000 1718.000000 125.000000
327.000000 1748.000000 125.000000
365.000000 1749.000000 125.000000
357.000000 1813.000000 125.000000
338.000000 1815.000000 125.000000
358.000000 1815.000000 125.000000
338.000000 1819.000000 125.000000
363.000000 1820.000000 125.000000
365.000000 1822.000000 125.000000
336.000000 1823.000000 125.000000
336.000000 1825.000000 125.000000
334.000000 1832.000000 125.000000
359.000000 1886.000000 125.000000
254.000000 1590.000000 126.000000
253.000000 1591.000000 126.000000
249.000000 1620.000000 126.000000
249.000000 1622.000000 126.000000
247.000000 1626.000000 126.000000
249.000000 1628.000000 126.000000
253.000000 1651.000000 126.000000
323.000000 1651.000000 126.000000
325.000000 1651.000000 126.000000
327.000000 1652.000000 126.000000
332.000000 1652.000000 126.000000
333.000000 1653.000000 126.000000
336.000000 1653.000000 126.000000
255.000000 1654.000000 126.000000
354.000000 1658.000000 126.000000
353.000000 1660.000000 126.000000
352.000000 1664.000000 126.000000
295.000000 1670.000000 126.000000
297.000000 1671.000000 126.000000
320.000000 1671.000000 126.000000
320.000000 1673.000000 126.000000
300.000000 1678.000000 126.000000
320.000000 1678.000000 126.000000
323.000000 1678.000000 126.000000
286.000000 1680.000000 126.000000
289.000000 1680.000000 126.000000
291.000000 1680.000000 126.000000
296.000000 1680.000000 126.000000
283.000000 1681.000000 126.000000
285.000000 1681.000000 126.000000
280.000000 1682.000000 126.000000
345.000000 1683.000000 126.000000
344.000000 1685.000000 126.000000
346.000000 1687.000000 126.000000
353.000000 1692.000000 126.000000
352.000000 1694.000000 126.000000
344.000000 1695.000000 126.000000
438.000000 1697.000000 126.000000
326.000000 1698.000000 126.000000
364.000000 1700.000000 126.000000
348.000000 1701.000000 126.000000
369.000000 1701.000000 126.000000
371.000000 1701.000000 126.000000
324.000000 1702.000000 126.000000
373.000000 1703.000000 126.000000
324.000000 1704.000000 126.000000
324.000000 1706.000000 126.000000
432.000000 1706.000000 126.000000
430.000000 1707.000000 126.000000
426.000000 1708.000000 126.000000
404.000000 1717.000000 126.000000
406.000000 1717.000000 126.000000
360.000000 1718.000000 126.000000
400.000000 1718.000000 126.000000
402.000000 1718.000000 126.000000
346.000000 1719.000000 126.000000
288.000000 1720.000000 126.000000
362.000000 1720.000000 126.000000
398.000000 1720.000000 126.000000
286.000000 1724.000000 126.000000
284.000000 1726.000000 126.000000
278.000000 1744.000000 126.000000
282.000000 1746.000000 126.000000
328.000000 1749.000000 126.000000
331.000000 1749.000000 126.000000
368.000000 1751.000000 126.000000
376.000000 1758.000000 126.000000
390.000000 1777.000000 126.000000
391.000000 1779.000000 126.000000
391.000000 1781.000000 126.000000
392.000000 1785.000000 126.000000
360.000000 1817.000000 126.000000
362.000000 1819.000000 126.000000
367.000000 1823.000000 126.000000
369.000000 1824.000000 126.000000
336.000000 1826.000000 126.000000
336.000000 1828.000000 126.000000
335.000000 1830.000000 126.000000
334.000000 1833.000000 126.000000
334.000000 1836.000000 126.000000
358.000000 1883.000000 126.000000
360.000000 1885.000000 126.000000
256.000000 1583.000000 127.000000
254.000000 1585.000000 127.000000
254.000000 1588.000000 127.000000
251.000000 1607.000000 127.000000
250.000000 1611.000000 127.000000
250.000000 1613.000000 127.000000
249.000000 1614.000000 127.000000
249.000000 1619.000000 127.000000
403.000000 1624.000000 127.000000
401.000000 1625.000000 127.000000
399.000000 1627.000000 127.000000
400.000000 1627.000000 127.000000
397.000000 1629.000000 127.000000
393.000000 1631.000000 127.000000
389.000000 1634.000000 127.000000
390.000000 1634.000000 127.000000
386.000000 1636.000000 127.000000
387.000000 1636.000000 127.000000
383.000000 1638.000000 127.000000
384.000000 1638.000000 127.000000
378.000000 1642.000000 127.000000
379.000000 1642.000000 127.000000
373.000000 1645.000000 127.000000
375.000000 1645.000000 127.000000
372.000000 1646.000000 127.000000
371.000000 1648.000000 127.000000
368.000000 1651.000000 127.000000
365.000000 1652.000000 127.000000
366.000000 1652.000000 127.000000
337.000000 1653.000000 127.000000
340.000000 1653.000000 127.000000
341.000000 1654.000000 127.000000
343.000000 1654.000000 127.000000
345.000000 1654.000000 127.000000
347.000000 1654.000000 127.000000
362.000000 1654.000000 127.000000
363.000000 1654.000000 127.000000
344.000000 1655.000000 127.000000
360.000000 1656.000000 127.000000
259.000000 1657.000000 127.000000
355.000000 1657.000000 127.000000
358.000000 1657.000000 127.000000
262.000000 1660.000000 127.000000
264.000000 1661.000000 127.000000
265.000000 1661.000000 127.000000
353.000000 1661.000000 127.000000
353.000000 1663.000000 127.000000
268.000000 1664.000000 127.000000
269.000000 1666.000000 127.000000
275.000000 1666.000000 127.000000
347.000000 1666.000000 127.000000
269.000000 1667.000000 127.000000
272.000000 1669.000000 127.000000
339.000000 1669.000000 127.000000
342.000000 1669.000000 127.000000
344.000000 1669.000000 127.000000
320.000000 1670.000000 127.000000
336.000000 1670.000000 127.000000
337.000000 1670.000000 127.000000
340.000000 1670.000000 127.000000
344.000000 1670.000000 127.000000
332.000000 1672.000000 127.000000
334.000000 1672.000000 127.000000
342.000000 1672.000000 127.000000
298.000000 1673.000000 127.000000
330.000000 1673.000000 127.000000
331.000000 1673.000000 127.000000
320.000000 1675.000000 127.000000
327.000000 1675.000000 127.000000
328.000000 1675.000000 127.000000
354.000000 1677.000000 127.000000
353.000000 1678.000000 127.000000
290.000000 1680.000000 127.000000
298.000000 1680.000000 127.000000
341.000000 1680.000000 127.000000
354.000000 1680.000000 127.000000
354.000000 1687.000000 127.000000
353.000000 1688.000000 127.000000
353.000000 1690.000000 127.000000
437.000000 1699.000000 127.000000
437.000000 1701.000000 127.000000
323.000000 1703.000000 127.000000
374.000000 1703.000000 127.000000
434.000000 1704.000000 127.000000
305.000000 1710.000000 127.000000
382.000000 1711.000000 127.000000
383.000000 1711.000000 127.000000
302.000000 1713.000000 127.000000
385.000000 1713.000000 127.000000
386.000000 1715.000000 127.000000
296.000000 1716.000000 127.000000
386.000000 1716.000000 127.000000
292.000000 1717.000000 127.000000
295.000000 1717.000000 127.000000
388.000000 1718.000000 127.000000
390.000000 1718.000000 127.000000
290.000000 1719.000000 127.000000
391.000000 1719.000000 127.000000
393.000000 1719.000000 127.000000
394.000000 1720.000000 127.000000
397.000000 1720.000000 127.000000
363.000000 1721.000000 127.000000
286.000000 1722.000000 127.000000
368.000000 1726.000000 127.000000
384.000000 1726.000000 127.000000
388.000000 1726.000000 127.000000
282.000000 1727.000000 127.000000
382.000000 1727.000000 127.000000
282.000000 1728.000000 127.000000
369.000000 1728.000000 127.000000
389.000000 1728.000000 127.000000
372.000000 1729.000000 127.000000
380.000000 1729.000000 127.000000
392.000000 1729.000000 127.000000
394.000000 1729.000000 127.000000
371.000000 1730.000000 127.000000
395.000000 1730.000000 127.000000
397.000000 1730.000000 127.000000
399.000000 1731.000000 127.000000
380.000000 1732.000000 127.000000
401.000000 1733.000000 127.000000
404.000000 1733.000000 127.000000
406.000000 1733.000000 127.000000
403.000000 1734.000000 127.000000
380.000000 1735.000000 127.000000
381.000000 1736.000000 127.000000
273.000000 1737.000000 127.000000
381.000000 1738.000000 127.000000
383.000000 1740.000000 127.000000
284.000000 1746.000000 127.000000
286.000000 1747.000000 127.000000
332.000000 1748.000000 127.000000
335.000000 1748.000000 127.000000
336.000000 1749.000000 127.000000
348.000000 1749.000000 127.000000
377.000000 1760.000000 127.000000
378.000000 1762.000000 127.000000
381.000000 1765.000000 127.000000
382.000000 1767.000000 127.000000
389.000000 1774.000000 127.000000
389.000000 1775.000000 127.000000
390.000000 1778.000000 127.000000
391.000000 1783.000000 127.000000
392.000000 1787.000000 127.000000
395.000000 1790.000000 127.000000
396.000000 1792.000000 127.000000
396.000000 1795.000000 127.000000
371.000000 1825.000000 127.000000
377.000000 1828.000000 127.000000
379.000000 1830.000000 127.000000
381.000000 1831.000000 127.000000
383.000000 1831.000000 127.000000
334.000000 1837.000000 127.000000
334.000000 1841.000000 127.000000
336.000000 1843.000000 127.000000
338.000000 1843.000000 127.000000
342.000000 1847.000000 127.000000
343.000000 1849.000000 127.000000
343.000000 1853.000000 127.000000
344.000000 1855.000000 127.000000
345.000000 1856.000000 127.000000
345.000000 1858.000000 127.000000
346.000000 1859.000000 127.000000
346.000000 1862.000000 127.000000
348.000000 1864.000000 127.000000
349.000000 1867.000000 127.000000
350.000000 1870.000000 127.000000
350.000000 1874.000000 127.000000
353.000000 1879.000000 127.000000
357.000000 1881.000000 127.000000
321.000000 1575.000000 128.000000
320.000000 1577.000000 128.000000
255.000000 1584.000000 128.000000
251.000000 1609.000000 128.000000
396.000000 1629.000000 128.000000
394.000000 1630.000000 128.000000
349.000000 1655.000000 128.000000
281.000000 1665.000000 128.000000
348.000000 1665.000000 128.000000
277.000000 1666.000000 128.000000
350.000000 1666.000000 128.000000
279.000000 1667.000000 128.000000
353.000000 1675.000000 128.000000
332.000000 1689.000000 128.000000
330.000000 1690.000000 128.000000
330.000000 1692.000000 128.000000
326.000000 1696.000000 128.000000
383.000000 1727.000000 128.000000
391.000000 1729.000000 128.000000
381.000000 1733.000000 128.000000
274.000000 1743.000000 128.000000
287.000000 1747.000000 128.000000
350.000000 1748.000000 128.000000
352.000000 1748.000000 128.000000
289.000000 1749.000000 128.000000
291.000000 1749.000000 128.000000
397.000000 1797.000000 128.000000
396.000000 1798.000000 128.000000
396.000000 1800.000000 128.000000
384.000000 1831.000000 128.000000
386.000000 1833.000000 128.000000
388.000000 1834.000000 128.000000
389.000000 1835.000000 128.000000
391.000000 1835.000000 128.000000
348.000000 1865.000000 128.000000
350.000000 1869.000000 128.000000
351.000000 1876.000000 128.000000
351.000000 1877.000000 128.000000
261.000000 1577.000000 129.000000
319.000000 1579.000000 129.000000
261.000000 1580.000000 129.000000
258.000000 1581.000000 129.000000
260.000000 1581.000000 129.000000
317.000000 1583.000000 129.000000
316.000000 1584.000000 129.000000
315.000000 1586.000000 129.000000
315.000000 1588.000000 129.000000
316.000000 1590.000000 129.000000
316.000000 1592.000000 129.000000
316.000000 1594.000000 129.000000
317.000000 1596.000000 129.000000
319.000000 1598.000000 129.000000
351.000000 1651.000000 129.000000
350.000000 1653.000000 129.000000
277.000000 1660.000000 129.000000
279.000000 1662.000000 129.000000
281.000000 1663.000000 129.000000
353.000000 1673.000000 129.000000
329.000000 1694.000000 129.000000
327.000000 1696.000000 129.000000
309.000000 1708.000000 129.000000
367.000000 1728.000000 129.000000
357.000000 1741.000000 129.000000
274.000000 1742.000000 129.000000
356.000000 1742.000000 129.000000
356.000000 1745.000000 129.000000
354.000000 1747.000000 129.000000
392.000000 1802.000000 129.000000
394.000000 1802.000000 129.000000
393.000000 1837.000000 129.000000
395.000000 1839.000000 129.000000
399.000000 1841.000000 129.000000
262.000000 1572.000000 130.000000
262.000000 1576.000000 130.000000
316.000000 1591.000000 130.000000
320.000000 1600.000000 130.000000
321.000000 1602.000000 130.000000
322.000000 1603.000000 130.000000
322.000000 1605.000000 130.000000
323.000000 1606.000000 130.000000
323.000000 1609.000000 130.000000
325.000000 1611.000000 130.000000
327.000000 1611.000000 130.000000
353.000000 1639.000000 130.000000
352.000000 1640.000000 130.000000
352.000000 1647.000000 130.000000
351.000000 1649.000000 130.000000
273.000000 1657.000000 130.000000
275.000000 1658.000000 130.000000
276.000000 1659.000000 130.000000
356.000000 1667.000000 130.000000
354.000000 1669.000000 130.000000
346.000000 1678.000000 130.000000
293.000000 1748.000000 130.000000
391.000000 1804.000000 130.000000
391.000000 1806.000000 130.000000
399.000000 1842.000000 130.000000
399.000000 1847.000000 130.000000
329.000000 1611.000000 131.000000
330.000000 1612.000000 131.000000
333.000000 1612.000000 131.000000
335.000000 1613.000000 131.000000
337.000000 1615.000000 131.000000
339.000000 1615.000000 131.000000
341.000000 1617.000000 131.000000
344.000000 1617.000000 131.000000
347.000000 1617.000000 131.000000
343.000000 1618.000000 131.000000
349.000000 1619.000000 131.000000
349.000000 1620.000000 131.000000
352.000000 1623.000000 131.000000
353.000000 1623.000000 131.000000
355.000000 1625.000000 131.000000
357.000000 1626.000000 131.000000
358.000000 1628.000000 131.000000
358.000000 1631.000000 131.000000
356.000000 1635.000000 131.000000
354.000000 1636.000000 131.000000
353.000000 1637.000000 131.000000
271.000000 1656.000000 131.000000
360.000000 1665.000000 131.000000
362.000000 1665.000000 131.000000
358.000000 1666.000000 131.000000
359.000000 1666.000000 131.000000
309.000000 1671.000000 131.000000
302.000000 1677.000000 131.000000
303.000000 1677.000000 131.000000
300.000000 1679.000000 131.000000
297.000000 1681.000000 131.000000
295.000000 1682.000000 131.000000
289.000000 1688.000000 131.000000
288.000000 1690.000000 131.000000
283.000000 1703.000000 131.000000
307.000000 1710.000000 131.000000
305.000000 1711.000000 131.000000
369.000000 1720.000000 131.000000
369.000000 1725.000000 131.000000
368.000000 1726.000000 131.000000
273.000000 1739.000000 131.000000
275.000000 1740.000000 131.000000
274.000000 1741.000000 131.000000
292.000000 1748.000000 131.000000
400.000000 1848.000000 131.000000
402.000000 1850.000000 131.000000
351.000000 1634.000000 132.000000
353.000000 1634.000000 132.000000
308.000000 1647.000000 132.000000
308.000000 1651.000000 132.000000
309.000000 1652.000000 132.000000
268.000000 1653.000000 132.000000
270.000000 1654.000000 132.000000
309.000000 1655.000000 132.000000
310.000000 1656.000000 132.000000
310.000000 1660.000000 132.000000
368.000000 1664.000000 132.000000
363.000000 1665.000000 132.000000
366.000000 1665.000000 132.000000
299.000000 1679.000000 132.000000
296.000000 1681.000000 132.000000
287.000000 1692.000000 132.000000
285.000000 1696.000000 132.000000
285.000000 1697.000000 132.000000
283.000000 1701.000000 132.000000
282.000000 1705.000000 132.000000
280.000000 1707.000000 132.000000
373.000000 1708.000000 132.000000
280.000000 1709.000000 132.000000
373.000000 1709.000000 132.000000
279.000000 1710.000000 132.000000
279.000000 1712.000000 132.000000
302.000000 1712.000000 132.000000
303.000000 1712.000000 132.000000
370.000000 1712.000000 132.000000
278.000000 1714.000000 132.000000
278.000000 1716.000000 132.000000
298.000000 1716.000000 132.000000
277.000000 1717.000000 132.000000
296.000000 1717.000000 132.000000
370.000000 1717.000000 132.000000
369.000000 1719.000000 132.000000
277.000000 1720.000000 132.000000
276.000000 1721.000000 132.000000
276.000000 1723.000000 132.000000
275.000000 1725.000000 132.000000
274.000000 1731.000000 132.000000
273.000000 1733.000000 132.000000
272.000000 1734.000000 132.000000
271.000000 1736.000000 132.000000
271.000000 1738.000000 132.000000
277.000000 1739.000000 132.000000
402.000000 1852.000000 132.000000
403.000000 1853.000000 132.000000
403.000000 1856.000000 132.000000
405.000000 1858.000000 132.000000
405.000000 1860.000000 132.000000
347.000000 1632.000000 133.000000
349.000000 1634.000000 133.000000
350.000000 1634.000000 133.000000
309.000000 1638.000000 133.000000
309.000000 1643.000000 133.000000
308.000000 1644.000000 133.000000
308.000000 1646.000000 133.000000
257.000000 1649.000000 133.000000
261.000000 1649.000000 133.000000
263.000000 1651.000000 133.000000
264.000000 1651.000000 133.000000
266.000000 1652.000000 133.000000
374.000000 1661.000000 133.000000
376.000000 1661.000000 133.000000
372.000000 1662.000000 133.000000
373.000000 1662.000000 133.000000
370.000000 1663.000000 133.000000
369.000000 1664.000000 133.000000
376.000000 1702.000000 133.000000
378.000000 1702.000000 133.000000
375.000000 1703.000000 133.000000
375.000000 1706.000000 133.000000
276.000000 1727.000000 133.000000
276.000000 1731.000000 133.000000
290.000000 1746.000000 133.000000
406.000000 1862.000000 133.000000
407.000000 1864.000000 133.000000
410.000000 1866.000000 133.000000
335.000000 1630.000000 134.000000
341.000000 1630.000000 134.000000
342.000000 1631.000000 134.000000
345.000000 1631.000000 134.000000
304.000000 1632.000000 134.000000
346.000000 1632.000000 134.000000
308.000000 1635.000000 134.000000
308.000000 1636.000000 134.000000
380.000000 1658.000000 134.000000
378.000000 1660.000000 134.000000
294.000000 1719.000000 134.000000
293.000000 1721.000000 134.000000
289.000000 1725.000000 134.000000
280.000000 1738.000000 134.000000
288.000000 1748.000000 134.000000
287.000000 1749.000000 134.000000
287.000000 1754.000000 134.000000
408.000000 1865.000000 134.000000
412.000000 1868.000000 134.000000
413.000000 1868.000000 134.000000
415.000000 1870.000000 134.000000
417.000000 1870.000000 134.000000
302.000000 1622.000000 135.000000
303.000000 1630.000000 135.000000
327.000000 1630.000000 135.000000
334.000000 1630.000000 135.000000
384.000000 1657.000000 135.000000
382.000000 1658.000000 135.000000
289.000000 1727.000000 135.000000
287.000000 1729.000000 135.000000
291.000000 1747.000000 135.000000
287.000000 1755.000000 135.000000
287.000000 1759.000000 135.000000
290.000000 1761.000000 135.000000
289.000000 1762.000000 135.000000
288.000000 1764.000000 135.000000
423.000000 1867.000000 135.000000
421.000000 1868.000000 135.000000
419.000000 1869.000000 135.000000
302.000000 1615.000000 136.000000
302.000000 1620.000000 136.000000
303.000000 1623.000000 136.000000
305.000000 1627.000000 136.000000
304.000000 1628.000000 136.000000
324.000000 1630.000000 136.000000
326.000000 1630.000000 136.000000
321.000000 1631.000000 136.000000
323.000000 1631.000000 136.000000
385.000000 1657.000000 136.000000
387.000000 1657.000000 136.000000
292.000000 1761.000000 136.000000
295.000000 1761.000000 136.000000
290.000000 1766.000000 136.000000
290.000000 1769.000000 136.000000
291.000000 1771.000000 136.000000
427.000000 1863.000000 136.000000
428.000000 1863.000000 136.000000
425.000000 1865.000000 136.000000
422.000000 1867.000000 136.000000
293.000000 1582.000000 137.000000
295.000000 1586.000000 137.000000
296.000000 1587.000000 137.000000
296.000000 1591.000000 137.000000
297.000000 1593.000000 137.000000
298.000000 1594.000000 137.000000
298.000000 1599.000000 137.000000
300.000000 1603.000000 137.000000
300.000000 1605.000000 137.000000
301.000000 1611.000000 137.000000
300.000000 1613.000000 137.000000
306.000000 1628.000000 137.000000
306.000000 1631.000000 137.000000
317.000000 1631.000000 137.000000
320.000000 1631.000000 137.000000
311.000000 1632.000000 137.000000
316.000000 1632.000000 137.000000
392.000000 1654.000000 137.000000
393.000000 1654.000000 137.000000
390.000000 1656.000000 137.000000
388.000000 1657.000000 137.000000
296.000000 1760.000000 137.000000
297.000000 1761.000000 137.000000
298.000000 1763.000000 137.000000
300.000000 1765.000000 137.000000
301.000000 1765.000000 137.000000
303.000000 1767.000000 137.000000
291.000000 1772.000000 137.000000
292.000000 1774.000000 137.000000
292.000000 1776.000000 137.000000
310.000000 1776.000000 137.000000
293.000000 1777.000000 137.000000
308.000000 1778.000000 137.000000
293.000000 1779.000000 137.000000
305.000000 1779.000000 137.000000
300.000000 1780.000000 137.000000
303.000000 1780.000000 137.000000
295.000000 1781.000000 137.000000
299.000000 1781.000000 137.000000
430.000000 1861.000000 137.000000
260.000000 1554.000000 138.000000
263.000000 1554.000000 138.000000
265.000000 1556.000000 138.000000
269.000000 1558.000000 138.000000
272.000000 1558.000000 138.000000
274.000000 1560.000000 138.000000
278.000000 1562.000000 138.000000
280.000000 1562.000000 138.000000
282.000000 1563.000000 138.000000
284.000000 1565.000000 138.000000
284.000000 1567.000000 138.000000
285.000000 1569.000000 138.000000
287.000000 1571.000000 138.000000
288.000000 1573.000000 138.000000
291.000000 1576.000000 138.000000
291.000000 1578.000000 138.000000
292.000000 1580.000000 138.000000
300.000000 1606.000000 138.000000
300.000000 1609.000000 138.000000
297.000000 1631.000000 138.000000
301.000000 1631.000000 138.000000
303.000000 1632.000000 138.000000
313.000000 1632.000000 138.000000
314.000000 1632.000000 138.000000
395.000000 1652.000000 138.000000
294.000000 1752.000000 138.000000
306.000000 1768.000000 138.000000
307.000000 1769.000000 138.000000
310.000000 1769.000000 138.000000
326.000000 1771.000000 138.000000
329.000000 1771.000000 138.000000
325.000000 1772.000000 138.000000
313.000000 1773.000000 138.000000
316.000000 1773.000000 138.000000
323.000000 1773.000000 138.000000
368.000000 1773.000000 138.000000
318.000000 1774.000000 138.000000
312.000000 1775.000000 138.000000
365.000000 1776.000000 138.000000
363.000000 1777.000000 138.000000
306.000000 1778.000000 138.000000
244.000000 1544.000000 139.000000
248.000000 1548.000000 139.000000
249.000000 1548.000000 139.000000
252.000000 1551.000000 139.000000
254.000000 1551.000000 139.000000
256.000000 1552.000000 139.000000
258.000000 1552.000000 139.000000
259.000000 1553.000000 139.000000
302.000000 1604.000000 139.000000
284.000000 1627.000000 139.000000
287.000000 1627.000000 139.000000
288.000000 1628.000000 139.000000
290.000000 1628.000000 139.000000
291.000000 1629.000000 139.000000
295.000000 1629.000000 139.000000
296.000000 1630.000000 139.000000
304.000000 1633.000000 139.000000
398.000000 1650.000000 139.000000
401.000000 1650.000000 139.000000
397.000000 1651.000000 139.000000
296.000000 1751.000000 139.000000
298.000000 1752.000000 139.000000
302.000000 1753.000000 139.000000
308.000000 1753.000000 139.000000
310.000000 1755.000000 139.000000
311.000000 1755.000000 139.000000
315.000000 1759.000000 139.000000
317.000000 1759.000000 139.000000
318.000000 1760.000000 139.000000
321.000000 1760.000000 139.000000
324.000000 1761.000000 139.000000
326.000000 1762.000000 139.000000
339.000000 1768.000000 139.000000
330.000000 1771.000000 139.000000
336.000000 1771.000000 139.000000
338.000000 1772.000000 139.000000
319.000000 1774.000000 139.000000
321.000000 1774.000000 139.000000
345.000000 1776.000000 139.000000
358.000000 1777.000000 139.000000
360.000000 1777.000000 139.000000
325.000000 1778.000000 139.000000
361.000000 1778.000000 139.000000
327.000000 1779.000000 139.000000
329.000000 1779.000000 139.000000
330.000000 1780.000000 139.000000
332.000000 1780.000000 139.000000
336.000000 1782.000000 139.000000
337.000000 1783.000000 139.000000
339.000000 1783.000000 139.000000
343.000000 1784.000000 139.000000
347.000000 1784.000000 139.000000
355.000000 1785.000000 139.000000
358.000000 1786.000000 139.000000
304.000000 1601.000000 140.000000
308.000000 1601.000000 140.000000
302.000000 1603.000000 140.000000
276.000000 1621.000000 140.000000
279.000000 1624.000000 140.000000
283.000000 1626.000000 140.000000
402.000000 1649.000000 140.000000
300.000000 1754.000000 140.000000
354.000000 1754.000000 140.000000
353.000000 1756.000000 140.000000
349.000000 1758.000000 140.000000
351.000000 1758.000000 140.000000
322.000000 1761.000000 140.000000
328.000000 1763.000000 140.000000
329.000000 1763.000000 140.000000
344.000000 1763.000000 140.000000
331.000000 1764.000000 140.000000
344.000000 1764.000000 140.000000
332.000000 1766.000000 140.000000
341.000000 1767.000000 140.000000
339.000000 1773.000000 140.000000
341.000000 1773.000000 140.000000
343.000000 1775.000000 140.000000
347.000000 1776.000000 140.000000
355.000000 1776.000000 140.000000
357.000000 1776.000000 140.000000
349.000000 1777.000000 140.000000
353.000000 1777.000000 140.000000
341.000000 1784.000000 140.000000
342.000000 1784.000000 140.000000
348.000000 1784.000000 140.000000
351.000000 1784.000000 140.000000
353.000000 1785.000000 140.000000
356.000000 1785.000000 140.000000
373.000000 1785.000000 140.000000
359.000000 1786.000000 140.000000
361.000000 1786.000000 140.000000
368.000000 1786.000000 140.000000
370.000000 1786.000000 140.000000
362.000000 1787.000000 140.000000
367.000000 1787.000000 140.000000
318.000000 1599.000000 141.000000
309.000000 1600.000000 141.000000
313.000000 1600.000000 141.000000
317.000000 1600.000000 141.000000
315.000000 1601.000000 141.000000
274.000000 1615.000000 141.000000
274.000000 1617.000000 141.000000
275.000000 1618.000000 141.000000
275.000000 1620.000000 141.000000
300.000000 1635.000000 141.000000
296.000000 1636.000000 141.000000
298.000000 1636.000000 141.000000
404.000000 1647.000000 141.000000
405.000000 1647.000000 141.000000
303.000000 1765.000000 141.000000
390.000000 1781.000000 141.000000
388.000000 1782.000000 141.000000
383.000000 1783.000000 141.000000
385.000000 1783.000000 141.000000
378.000000 1784.000000 141.000000
382.000000 1784.000000 141.000000
371.000000 1785.000000 141.000000
374.000000 1785.000000 141.000000
377.000000 1785.000000 141.000000
328.000000 1587.000000 142.000000
326.000000 1590.000000 142.000000
323.000000 1592.000000 142.000000
324.000000 1592.000000 142.000000
321.000000 1594.000000 142.000000
320.000000 1596.000000 142.000000
318.000000 1597.000000 142.000000
268.000000 1608.000000 142.000000
270.000000 1609.000000 142.000000
271.000000 1609.000000 142.000000
273.000000 1611.000000 142.000000
273.000000 1613.000000 142.000000
274.000000 1614.000000 142.000000
295.000000 1636.000000 142.000000
293.000000 1637.000000 142.000000
409.000000 1645.000000 142.000000
407.000000 1646.000000 142.000000
302.000000 1766.000000 142.000000
302.000000 1769.000000 142.000000
393.000000 1778.000000 142.000000
391.000000 1780.000000 142.000000
386.000000 1782.000000 142.000000
333.000000 1582.000000 143.000000
330.000000 1585.000000 143.000000
326.000000 1589.000000 143.000000
262.000000 1603.000000 143.000000
264.000000 1604.000000 143.000000
266.000000 1606.000000 143.000000
288.000000 1637.000000 143.000000
291.000000 1637.000000 143.000000
411.000000 1643.000000 143.000000
413.000000 1643.000000 143.000000
410.000000 1644.000000 143.000000
302.000000 1770.000000 143.000000
304.000000 1772.000000 143.000000
256.000000 1595.000000 144.000000
261.000000 1600.000000 144.000000
261.000000 1601.000000 144.000000
282.000000 1636.000000 144.000000
286.000000 1636.000000 144.000000
287.000000 1637.000000 144.000000
414.000000 1642.000000 144.000000
305.000000 1773.000000 144.000000
305.000000 1775.000000 144.000000
306.000000 1777.000000 144.000000
308.000000 1779.000000 144.000000
315.000000 1779.000000 144.000000
258.000000 1592.000000 145.000000
259.000000 1592.000000 145.000000
256.000000 1594.000000 145.000000
281.000000 1636.000000 145.000000
316.000000 1779.000000 145.000000
324.000000 1779.000000 145.000000
261.000000 1590.000000 146.000000
263.000000 1590.000000 146.000000
279.000000 1637.000000 146.000000
278.000000 1638.000000 146.000000
412.000000 1640.000000 146.000000
334.000000 1775.000000 146.000000
331.000000 1776.000000 146.000000
332.000000 1776.000000 146.000000
327.000000 1778.000000 146.000000
329.000000 1778.000000 146.000000
326.000000 1779.000000 146.000000
265.000000 1587.000000 147.000000
265.000000 1588.000000 147.000000
411.000000 1640.000000 147.000000
409.000000 1641.000000 147.000000
267.000000 1582.000000 148.000000
267.000000 1584.000000 148.000000
266.000000 1585.000000 148.000000
277.000000 1639.000000 148.000000
265.000000 1576.000000 149.000000
266.000000 1577.000000 149.000000
266.000000 1579.000000 149.000000
267.000000 1581.000000 149.000000
405.000000 1637.000000 149.000000
337.000000 1775.000000 149.000000
264.000000 1574.000000 150.000000
277.000000 1639.000000 150.000000
264.000000 1573.000000 151.000000
404.000000 1636.000000 151.000000
336.000000 1773.000000 151.000000
263.000000 1571.000000 152.000000
401.000000 1633.000000 152.000000
402.000000 1634.000000 152.000000
277.000000 1641.000000 152.000000
276.000000 1643.000000 152.000000
335.000000 1770.000000 152.000000
335.000000 1772.000000 152.000000
399.000000 1633.000000 153.000000
275.000000 1645.000000 153.000000
335.000000 1769.000000 153.000000
259.000000 1569.000000 154.000000
384.000000 1641.000000 154.000000
379.000000 1644.000000 154.000000
373.000000 1646.000000 154.000000
375.000000 1646.000000 154.000000
275.000000 1647.000000 154.000000
372.000000 1647.000000 154.000000
362.000000 1651.000000 154.000000
364.000000 1651.000000 154.000000
361.000000 1652.000000 154.000000
358.000000 1653.000000 154.000000
359.000000 1653.000000 154.000000
353.000000 1658.000000 154.000000
347.000000 1660.000000 154.000000
349.000000 1660.000000 154.000000
344.000000 1661.000000 154.000000
346.000000 1661.000000 154.000000
342.000000 1662.000000 154.000000
343.000000 1662.000000 154.000000
338.000000 1666.000000 154.000000
338.000000 1667.000000 154.000000
336.000000 1669.000000 154.000000
336.000000 1670.000000 154.000000
332.000000 1674.000000 154.000000
312.000000 1702.000000 154.000000
312.000000 1713.000000 154.000000
313.000000 1714.000000 154.000000
313.000000 1724.000000 154.000000
314.000000 1726.000000 154.000000
315.000000 1731.000000 154.000000
316.000000 1733.000000 154.000000
318.000000 1740.000000 154.000000
319.000000 1742.000000 154.000000
319.000000 1744.000000 154.000000
341.000000 1767.000000 154.000000
337.000000 1768.000000 154.000000
339.000000 1768.000000 154.000000
257.000000 1567.000000 155.000000
399.000000 1632.000000 155.000000
396.000000 1635.000000 155.000000
390.000000 1636.000000 155.000000
394.000000 1636.000000 155.000000
387.000000 1637.000000 155.000000
389.000000 1637.000000 155.000000
385.000000 1639.000000 155.000000
382.000000 1642.000000 155.000000
380.000000 1643.000000 155.000000
276.000000 1649.000000 155.000000
331.000000 1676.000000 155.000000
329.000000 1678.000000 155.000000
328.000000 1680.000000 155.000000
328.000000 1681.000000 155.000000
325.000000 1684.000000 155.000000
325.000000 1685.000000 155.000000
321.000000 1689.000000 155.000000
321.000000 1690.000000 155.000000
318.000000 1693.000000 155.000000
318.000000 1694.000000 155.000000
311.000000 1701.000000 155.000000
314.000000 1727.000000 155.000000
314.000000 1729.000000 155.000000
316.000000 1734.000000 155.000000
316.000000 1738.000000 155.000000
342.000000 1766.000000 155.000000
345.000000 1766.000000 155.000000
254.000000 1563.000000 156.000000
256.000000 1565.000000 156.000000
401.000000 1630.000000 156.000000
399.000000 1631.000000 156.000000
277.000000 1649.000000 156.000000
279.000000 1649.000000 156.000000
280.000000 1649.000000 157.000000
282.000000 1649.000000 157.000000
251.000000 1562.000000 158.000000
253.000000 1562.000000 158.000000
398.000000 1626.000000 158.000000
399.000000 1628.000000 158.000000
284.000000 1651.000000 158.000000
247.000000 1560.000000 159.000000
249.000000 1560.000000 159.000000
284.000000 1653.000000 159.000000
284.000000 1655.000000 159.000000
284.000000 1657.000000 160.000000
286.000000 1659.000000 160.000000
395.000000 1623.000000 161.000000
286.000000 1660.000000 161.000000
286.000000 1668.000000 161.000000
391.000000 1623.000000 162.000000
393.000000 1623.000000 162.000000
390.000000 1623.000000 163.000000
354.000000 1632.000000 163.000000
345.000000 1636.000000 163.000000
346.000000 1636.000000 163.000000
343.000000 1637.000000 163.000000
342.000000 1638.000000 163.000000
383.000000 1623.000000 164.000000
388.000000 1623.000000 164.000000
382.000000 1624.000000 164.000000
373.000000 1625.000000 164.000000
380.000000 1625.000000 164.000000
368.000000 1627.000000 164.000000
371.000000 1627.000000 164.000000
364.000000 1628.000000 164.000000
367.000000 1628.000000 164.000000
360.000000 1629.000000 164.000000
363.000000 1629.000000 164.000000
356.000000 1631.000000 164.000000
342.000000 1639.000000 164.000000
341.000000 1641.000000 164.000000
342.000000 1642.000000 164.000000
342.000000 1644.000000 164.000000
344.000000 1706.000000 164.000000
343.000000 1710.000000 164.000000
343.000000 1646.000000 165.000000
343.000000 1649.000000 165.000000
345.000000 1651.000000 165.000000
343.000000 1690.000000 165.000000
343.000000 1692.000000 165.000000
344.000000 1693.000000 165.000000
344.000000 1695.000000 165.000000
347.000000 1698.000000 165.000000
347.000000 1702.000000 165.000000
345.000000 1704.000000 165.000000
344.000000 1708.000000 165.000000
341.000000 1712.000000 165.000000
341.000000 1721.000000 165.000000
342.000000 1722.000000 165.000000
342.000000 1725.000000 165.000000
343.000000 1727.000000 165.000000
344.000000 1728.000000 165.000000
344.000000 1732.000000 165.000000
345.000000 1652.000000 166.000000
345.000000 1654.000000 166.000000
346.000000 1656.000000 166.000000
343.000000 1670.000000 166.000000
343.000000 1675.000000 166.000000
342.000000 1676.000000 166.000000
342.000000 1679.000000 166.000000
341.000000 1680.000000 166.000000
341.000000 1687.000000 166.000000
342.000000 1688.000000 166.000000
346.000000 1657.000000 167.000000
346.000000 1663.000000 167.000000
347.000000 1664.000000 167.000000
346.000000 1666.000000 167.000000
344.000000 1668.000000 167.000000
343.000000 1671.000000 167.000000
343.000000 1673.000000 167.000000

0 3
0 5
1 6
1 2
3 4
4 7
5 6
7 10
8 13
8 9
10 11
11 12
12 15
13 14
14 17
15 16
16 18
17 20
18 21
19 23
19 24
20 23
21 31
21 22
22 37
24 25
25 26
26 27
27 28
28 29
29 32
30 36
30 31
32 33
33 34
34 35
35 36
37 38
38 39
39 40
40 46
41 42
42 44
43 44
43 45
45 48
46 47
47 49
48 56
49 50
50 59
51 64
51 52
52 53
53 54
55 57
55 56
57 58
58 67
59 60
60 68
61 62
61 73
62 63
63 64
65 76
65 66
66 67
68 69
69 70
70 80
71 83
71 72
72 73
74 84
74 75
75 76
77 78
77 90
78 79
80 81
81 91
82 83
82 97
84 85
85 100
86 87
86 105
87 106
88 107
88 108
89 108
89 90
91 92
92 109
93 94
93 112
94 96
95 96
95 97
98 99
99 113
100 120
100 144
101 126
101 102
102 103
103 104
104 105
106 107
109 110
110 127
110 111
111 112
113 114
114 115
115 130
116 117
116 130
117 131
118 119
119 133
120 121
121 122
122 123
123 124
124 125
125 126
127 128
128 129
129 145
131 132
132 165
133 135
134 137
134 135
136 138
136 137
138 147
139 148
139 147
140 162
140 141
141 142
142 143
143 144
145 146
146 163
148 150
149 150
149 152
151 153
151 152
153 155
154 155
154 156
156 157
157 167
158 167
158 159
159 206
160 191
160 161
161 162
163 164
164 197
165 166
166 201
167 205
168 169
168 206
169 209
170 209
170 171
171 172
172 173
173 174
174 210
175 210
175 176
176 177
177 178
178 213
179 181
180 218
180 181
182 226
182 225
183 228
183 185
184 186
184 185
185 187
186 229
187 189
188 230
188 231
189 190
190 191
192 234
192 193
193 195
194 196
194 195
197 235
198 199
199 200
200 261
201 202
202 203
203 236
204 237
204 236
205 268
206 269
207 208
207 244
211 246
211 212
212 216
213 214
214 247
215 218
215 217
216 217
219 258
219 220
220 221
221 222
222 223
223 224
224 225
226 227
227 228
229 230
231 233
232 233
232 234
235 259
237 238
238 239
239 240
240 264
241 243
241 242
242 270
243 244
245 274
245 246
247 248
248 249
249 250
250 251
251 252
252 275
253 254
253 283
254 255
255 256
256 257
257 258
259 260
260 284
261 262
262 263
263 289
264 266
265 267
265 266
267 292
268 312
269 270
271 296
271 272
272 273
273 274
275 276
276 277
277 278
278 279
279 297
280 304
280 281
281 282
282 283
284 285
285 286
286 305
287 290
287 288
288 291
289 290
291 308
292 293
293 311
294 317
294 295
295 296
297 298
298 318
299 324
299 300
300 325
301 325
301 302
302 303
303 304
305 306
306 307
307 333
308 309
309 340
310 311
310 345
312 313
313 347
314 349
314 315
315 316
316 317
318 319
319 350
320 354
320 321
321 322
322 323
323 324
326 363
326 327
327 364
328 365
328 329
329 368
330 369
330 331
331 370
332 388
332 389
333 334
334 335
335 395
335 445
336 396
336 337
337 338
338 339
339 402
340 341
341 409
342 414
342 411
343 344
343 347
344 414
345 416
346 413
346 348
348 349
350 418
351 352
351 422
352 423
353 423
353 354
355 429
355 428
356 429
356 357
357 358
358 359
359 360
360 361
361 362
362 363
364 365
366 371
366 367
367 435
368 369
370 371
372 439
372 440
373 374
373 442
374 443
375 443
375 376
376 377
377 378
378 379
379 380
380 381
381 382
382 383
383 384
384 385
385 386
386 387
387 388
389 390
390 391
391 392
392 393
393 394
394 396
395 447
397 448
397 399
398 401
398 399
400 404
400 401
402 403
403 407
404 406
405 408
405 406
407 408
409 410
410 450
411 412
412 453
413 451
415 416
415 452
417 418
417 465
419 420
419 470
420 421
421 422
424 425
424 473
425 427
426 474
426 428
427 430
430 431
431 434
432 436
432 433
433 437
434 439
435 436
437 438
438 478
440 441
441 442
444 479
444 446
445 446
447 449
448 449
450 482
451 505
452 484
452 455
453 454
454 456
455 457
456 457
458 459
459 460
459 486
460 461
461 462
462 467
463 466
463 464
464 489
464 490
465 466
467 468
468 515
469 491
469 470
471 472
471 496
472 474
473 522
475 500
475 499
476 478
476 477
477 500
479 480
480 503
481 504
481 483
482 483
484 533
485 486
485 542
487 512
487 488
488 489
490 491
491 517
492 520
492 493
493 521
494 495
494 521
494 551
495 496
497 523
498 525
498 499
501 527
501 502
502 503
504 529
505 532
506 540
506 509
507 541
507 508
508 510
509 511
510 542
511 512
513 516
513 514
514 543
515 516
517 518
518 664
519 548
519 520
522 552
523 524
524 525
526 555
526 528
527 528
529 564
530 533
530 585
531 532
531 634
534 589
534 535
535 536
536 538
537 591
537 539
538 646
539 541
540 646
542 652
543 544
544 594
545 546
545 599
546 600
547 548
547 600
549 599
549 603
550 606
550 605
551 702
552 611
552 610
553 614
553 554
554 609
555 556
556 617
557 627
557 558
558 559
559 560
560 562
561 564
561 628
562 563
563 567
564 566
565 569
565 566
567 571
568 569
568 570
570 574
571 572
572 575
573 574
573 577
575 578
576 579
576 577
578 580
578 579
580 581
581 583
582 631
582 584
583 632
584 585
586 587
586 641
587 588
588 589
590 644
590 643
591 592
591 645
592 593
593 647
594 595
595 655
596 663
596 598
597 598
597 664
600 700
600 697
601 699
601 602
602 607
603 606
604 605
604 608
607 610
608 609
611 612
612 615
613 614
613 616
615 616
617 618
618 719
619 800
619 620
620 622
621 622
621 623
623 624
624 625
625 626
626 907
627 907
629 725
629 630
630 631
632 633
633 635
634 836
635 636
636 731
637 732
637 730
638 732
638 639
639 640
640 642
641 833
642 643
644 645
646 739
647 648
648 649
649 740
650 651
650 742
651 652
653 654
653 655
654 656
656 657
657 749
658 659
658 749
659 660
660 661
661 662
662 663
664 870
665 750
665 880
666 757
666 667
667 668
668 669
669 670
670 671
672 675
673 677
673 674
674 680
675 681
676 679
676 677
678 758
678 679
680 681
682 758
682 683
683 684
684 759
685 759
685 686
686 687
687 688
688 689
689 690
690 691
691 692
692 693
693 694
694 695
695 696
696 697
698 762
698 699
700 701
701 705
702 704
703 707
703 704
705 708
706 709
706 707
708 710
709 712
710 713
711 712
713 714
714 715
715 716
716 763
717 794
717 792
718 794
718 721
719 720
720 795
721 799
722 799
723 814
723 977
724 725
724 824
726 830
726 727
727 728
728 729
729 730
731 733
733 734
734 841
735 843
735 1149
736 737
736 847
737 1213
738 849
738 857
739 853
740 851
741 853
741 858
742 856
743 744
743 857
744 747
745 860
745 746
746 861
747 749
748 865
748 862
750 877
750 879
751 880
751 883
752 753
752 754
753 886
754 890
755 899
755 756
756 757
760 942
760 761
761 762
763 764
764 765
765 766
766 768
767 946
767 769
768 770
769 772
770 771
771 773
772 774
773 776
774 775
775 778
776 777
777 783
778 784
779 900
779 780
780 781
781 782
782 786
783 787
784 785
785 901
786 789
787 788
787 790
788 902
789 790
789 791
791 792
793 904
793 797
795 796
796 955
797 798
798 802
800 801
801 803
802 804
803 958
804 806
805 807
805 1285
806 808
807 908
808 809
809 810
810 811
811 812
812 813
813 907
814 912
814 981
815 913
815 818
816 817
816 915
817 819
818 822
819 820
820 821
821 916
822 823
823 824
825 826
825 829
825 922
826 827
827 987
828 924
828 832
829 830
831 832
831 835
833 836
834 835
834 927
836 993
837 838
837 996
838 839
839 840
840 842
841 843
842 844
844 845
845 846
846 848
847 1149
848 849
850 856
850 1213
851 852
852 854
853 1157
854 855
855 929
858 859
858 860
859 930
861 862
863 864
863 1007
864 866
865 869
866 867
867 868
868 871
870 874
871 872
872 873
873 876
874 875
875 877
876 878
878 881
879 882
881 884
882 885
883 884
885 886
886 887
887 888
888 889
889 891
890 892
891 893
892 894
893 931
894 932
895 896
895 940
896 897
897 898
898 899
901 947
902 948
903 954
903 947
904 954
904 1062
905 1091
905 964
906 962
907 909
908 972
908 1097
909 971
910 971
910 969
911 912
911 974
913 977
914 915
914 976
914 981
916 980
917 979
917 984
918 980
918 919
919 982
920 921
921 922
923 990
923 989
924 990
925 992
925 926
926 928
927 928
929 1004
930 1006
931 933
932 934
933 1012
934 937
935 1013
935 936
936 1014
937 938
938 1016
939 1019
939 1018
940 1022
941 942
941 1025
943 1030
943 944
944 945
945 946
948 949
949 950
950 951
951 952
952 953
953 1052
955 1063
955 956
956 1068
957 1069
957 1203
958 959
959 1087
960 1079
960 961
961 1090
962 1096
963 964
963 1090
965 970
965 966
966 1095
967 1095
967 968
968 1096
969 970
972 973
973 974
975 1101
975 976
978 1102
979 1209
982 983
983 985
984 1104
985 1105
986 1104
986 987
988 1106
988 989
991 992
991 995
993 998
994 999
994 995
997 1119
997 1125
998 1124
999 1123
1000 1001
1000 1125
1001 1129
1002 1003
1002 1213
1003 1152
1004 1005
1005 1154
1007 1158
1008 1164
1008 1163
1009 1164
1009 1010
1010 1165
1011 1165
1011 1166
1012 1013
1014 1015
1015 1170
1016 1017
1017 1018
1019 1020
1020 1175
1021 1022
1021 1192
1023 1195
1023 1234
1024 1195
1024 1025
1026 1196
1027 1028
1027 1196
1028 1029
1029 1030
1031 1032
1032 1034
1033 1034
1033 1035
1035 1197
1036 1198
1036 1038
1037 1038
1037 1040
1039 1040
1039 1042
1041 1042
1041 1044
1043 1044
1043 1046
1045 1047
1045 1046
1047 1048
1048 1049
1049 1051
1050 1051
1050 1059
1052 1053
1053 1054
1054 1055
1055 1060
1056 1060
1056 1057
1057 1199
1058 1059
1058 1061
1061 1064
1062 1065
1063 1064
1065 1066
1066 1067
1067 1070
1068 1069
1070 1071
1071 1074
1072 1075
1072 1202
1073 1201
1073 1078
1074 1075
1076 1082
1076 1081
1077 1078
1077 1082
1078 1083
1080 1081
1080 1085
1083 1086
1084 1089
1084 1085
1086 1285
1088 1089
1088 1092
1091 1092
1093 1094
1093 1205
1094 1098
1098 1099
1099 1100
1100 1101
1102 1103
1103 1106
1105 1108
1107 1110
1107 1253
1108 1109
1109 1111
1110 1113
1111 1112
1112 1114
1113 1116
1114 1117
1115 1116
1115 1119
1117 1118
1118 1120
1120 1121
1121 1122
1122 1123
1124 1126
1126 1254
1127 1210
1127 1128
1128 1133
1129 1131
1130 1210
1130 1135
1131 1149
1132 1138
1132 1254
1133 1211
1134 1138
1134 1135
1135 1142
1136 1211
1136 1137
1137 1139
1139 1140
1140 1141
1141 1143
1142 1212
1143 1146
1144 1146
1144 1145
1147 1148
1147 1212
1148 1150
1150 1151
1152 1153
1153 1214
1154 1155
1155 1156
1157 1215
1158 1159
1159 1160
1160 1161
1161 1162
1162 1163
1166 1167
1167 1168
1168 1169
1169 1219
1170 1171
1171 1172
1172 1173
1173 1174
1174 1222
1175 1176
1176 1177
1177 1178
1178 1179
1179 1180
1180 1181
1181 1182
1182 1183
1183 1184
1184 1185
1185 1186
1186 1187
1187 1227
1188 1227
1188 1228
1189 1228
1189 1190
1190 1229
1191 1230
1191 1192
1193 1194
1194 1232
1197 1198
1199 1246
1200 1204
1200 1249
1201 1203
1202 1204
1205 1250
1206 1207
1207 1208
1208 1251
1209 1252
1213 1256
1214 1217
1215 1216
1216 1259
1217 1218
1218 1286
1219 1220
1220 1221
1221 1261
1222 1223
1223 1224
1224 1225
1225 1226
1226 1262
1229 1230
1231 1266
1231 1233
1232 1236
1233 1235
1234 1235
1236 1237
1237 1238
1238 1239
1239 1240
1240 1267
1241 1267
1241 1242
1242 1243
1243 1244
1244 1268
1245 1279
1245 1246
1247 1282
1247 1248
1248 1249
1250 1284
1251 1252
1253 1326
1254 1330
1255 1257
1256 1333
1257 1258
1258 1259
1260 1261
1260 1287
1262 1263
1263 1264
1264 1289
1265 1266
1268 1269
1269 1270
1270 1271
1271 1272
1272 1273
1273 1274
1274 1275
1275 1291
1276 1277
1276 1311
1277 1278
1278 1279
1280 1312
1280 1281
1281 1282
1283 1284
1283 1315
1286 1334
1287 1288
1289 1290
1290 1335
1291 1292
1292 1293
1293 1294
1294 1295
1295 1296
1296 1297
1297 1300
1298 1300
1298 1299
1299 1301
1301 1302
1302 1303
1303 1304
1304 1305
1305 1306
1306 1307
1307 1308
1308 1309
1309 1310
1310 1311
1310 1338
1312 1343
1313 1316
1313 1314
1314 1348
1315 1316
1317 1319
1318 1319
1318 1320
1320 1350
1321 1351
1321 1350
1322 1351
1322 1323
1323 1324
1324 1352
1325 1355
1325 1356
1326 1327
1327 1364
1328 1372
1328 1329
1329 1330
1331 1381
1331 1332
1332 1333
1332 1382
1334 1412
1335 1336
1336 1383
1337 1390
1337 1338
1339 1394
1339 1340
1340 1341
1341 1344
1342 1399
1342 1343
1344 1345
1345 1346
1347 1405
1347 1349
1348 1349
1352 1353
1353 1354
1354 1355
1356 1357
1357 1359
1358 1360
1358 1409
1359 1361
1360 1365
1361 1362
1362 1366
1363 1364
1363 1368
1365 1371
1366 1367
1367 1369
1368 1370
1369 1373
1370 1426
1371 1372
1373 1374
1374 1375
1375 1376
1376 1410
1377 1411
1377 1378
1378 1379
1379 1380
1380 1381
1382 1429
1383 1384
1384 1385
1385 1386
1386 1387
1387 1413
1388 1421
1388 1389
1389 1390
1391 1392
1391 1423
1392 1393
1393 1394
1395 1396
1396 1397
1397 1398
1398 1399
1400 1403
1400 1401
1401 1425
1402 1403
1402 1404
1404 1405
1406 1408
1406 1407
1408 1409
1410 1411
1412 1430
1412 1446
1413 1414
1414 1433
1415 1433
1415 1434
1416 1441
1416 1417
1417 1418
1418 1419
1419 1421
1420 1439
1420 1422
1422 1423
1422 1490
1424 1425
1424 1443
1426 1427
1427 1428
1428 1444
1430 1431
1431 1432
1432 1447
1434 1435
1435 1436
1436 1437
1437 1454
1438 1457
1438 1456
1439 1459
1440 1461
1440 1441
1442 1464
1442 1443
1444 1445
1446 1540
1447 1448
1448 1449
1449 1450
1449 1466
1450 1451
1451 1468
1452 1474
1452 1473
1453 1474
1453 1454
1455 1456
1455 1485
1457 1458
1458 1459
1458 1486
1460 1463
1460 1461
1462 1489
1462 1463
1464 1465
1465 1495
1466 1467
1467 1496
1468 1469
1469 1470
1470 1502
1471 1472
1471 1473
1472 1514
1475 1531
1475 1476
1476 1477
1477 1478
1478 1479
1479 1480
1480 1481
1481 1482
1482 1483
1483 1532
1484 1533
1484 1485
1486 1487
1487 1572
1488 1491
1488 1489
1490 1537
1491 1538
1492 1493
1492 1494
1493 1539
1494 1495
1496 1497
1497 1498
1498 1499
1499 1500
1500 1501
1501 1541
1502 1503
1503 1504
1504 1506
1505 1507
1505 1552
1506 1508
1507 1555
1508 1512
1509 1555
1509 1511
1510 1513
1510 1511
1512 1513
1515 1563
1515 1516
1516 1517
1517 1518
1518 1519
1519 1520
1520 1521
1521 1522
1522 1523
1523 1524
1524 1525
1525 1526
1526 1527
1527 1528
1528 1529
1529 1530
1530 1531
1532 1533
1532 1564
1534 1571
1534 1535
1535 1536
1536 1572
1537 1538
1539 1575
1540 1576
1541 1542
1541 1665
1542 1543
1543 1547
1544 1546
1544 1545
1545 1589
1546 1549
1547 1548
1548 1551
1549 1593
1550 1553
1551 1592
1553 1554
1554 1598
1556 1557
1557 1558
1558 1559
1559 1560
1560 1561
1561 1562
1562 1563
1564 1612
1565 1615
1565 1566
1566 1567
1567 1568
1568 1569
1569 1570
1570 1571
1572 1660
1573 1575
1573 1574
1574 1616
1576 1577
1577 1617
1578 1579
1578 1617
1579 1580
1580 1581
1581 1582
1582 1583
1583 1584
1584 1585
1585 1622
1586 1622
1586 1587
1587 1623
1588 1590
1588 1629
1589 1590
1590 1591
1591 1630
1592 1593
1593 1597
1594 1632
1594 1633
1595 1635
1595 1596
1596 1598
1597 1599
1599 1600
1600 1601
1601 1602
1602 1603
1603 1604
1604 1605
1605 1638
1606 1639
1606 1607
1607 1640
1608 1643
1608 1642
1609 1645
1609 1643
1610 1611
1610 1612
1611 1652
1613 1659
1613 1614
1614 1615
1616 1663
1618 1619
1619 1621
1620 1621
1620 1625
1623 1624
1624 1626
1625 1627
1626 1628
1627 1629
1630 1631
1631 1632
1633 1636
1634 1635
1634 1637
1636 1637
1638 1639
1640 1641
1641 1642
1644 1673
1644 1672
1645 1646
1646 1649
1647 1650
1647 1648
1648 1672
1649 1650
1651 1654
1651 1681
1652 1653
1653 1655
1654 1655
1656 1687
1656 1657
1657 1658
1658 1659
1660 1662
1661 1688
1661 1662
1663 1664
1664 1691
1665 1692
1666 1695
1666 1667
1667 1696
1668 1671
1668 1669
1669 1696
1670 1674
1670 1671
1673 1674
1675 1698
1675 1699
1676 1699
1676 1678
1677 1678
1677 1679
1679 1680
1680 1681
1682 1702
1682 1683
1683 1684
1684 1685
1685 1686
1686 1687
1688 1689
1689 1704
1690 1707
1690 1691
1692 1693
1693 1708
1694 1695
1697 1698
1700 1712
1700 1701
1701 1702
1703 1715
1703 1704
1705 1707
1705 1706
1706 1716
1708 1709
1709 1717
1710 1724
1710 1711
1711 1712
1713 1725
1713 1714
1714 1715
1716 1732
1717 1718
1718 1719
1719 1720
1720 1721
1721 1726
1722 1723
1722 1724
1723 1728
1725 1730
1726 1727
1727 1738
1728 1729
1729 1740
1730 1731
1731 1746
1732 1741
1733 1752
1733 1735
1734 1735
1734 1737
1736 1738
1736 1737
1739 1740
1739 1745
1741 1742
1742 1751
1743 1750
1743 1744
1744 1745
1746 1754
1747 1748
1747 1753
1748 1749
1749 1750
1751 1756
1752 1757
1753 1755
1754 1761
1755 1758
1756 1760
1757 1764
1758 1768
1759 1760
1759 1765
1761 1762
1762 1766
1763 1767
1763 1764
1765 1806
1766 1773
1767 1803
1768 1805
1769 1812
1769 1813
1770 1814
1770 1772
1771 1774
1771 1772
1773 1815
1774 1776
1775 1777
1775 1776
1777 1779
1778 1779
1778 1780
1780 1782
1781 1784
1781 1782
1783 1786
1783 1784
1785 1786
1785 1787
1787 1788
1788 1789
1789 1790
1790 1791
1791 1816
1792 1826
1792 1793
1793 1794
1794 1795
1795 1796
1796 1827
1797 1828
1797 1798
1798 1829
1799 1830
1799 1800
1800 1801
1802 1831
1802 1804
1803 1804
1805 1834
1806 1836
1806 1807
1807 1809
1808 1811
1808 1809
1810 1812
1810 1811
1813 1814
1815 1837
1816 1817
1817 1818
1818 1819
1819 1820
1820 1821
1821 1822
1822 1823
1823 1824
1824 1825
1825 1826
1827 1828
1829 1830
1831 1832
1833 1834
1833 1842
1835 1844
1835 1836
1837 1838
1838 1839
1839 1840
1840 1845
1841 1842
1841 1847
1843 1852
1843 1844
1845 1848
1846 1847
1848 1849
1849 1850
1850 1851
1851 1853
1852 1856
1853 1854
1855 1857
1855 1856
1857 1864
1858 1874
1858 1860
1859 1860
1859 1861
1861 1862
1862 1875
1863 1865
1863 1864
1865 1867
1866 1869
1866 1867
1868 1871
1868 1869
1870 1873
1870 1871
1872 1873
1872 1874
1875 1876
1876 1877
1877 1878
1878 1881
1879 1890
1879 1891
1880 1891
1880 1892
1881 1882
1882 1883
1883 1899
1884 1885
1884 1908
1885 1886
1886 1887
1887 1888
1888 1889
1889 1890
1892 1893
1893 1894
1894 1895
1895 1896
1896 1897
1897 1898
1899 1900
1900 1901
1901 1909
1902 1914
1902 1913
1903 1904
1903 1915
1904 1905
1905 1906
1906 1907
1907 1908
1909 1910
1910 1911
1911 1912
1912 1913
1914 1915
