520.000000 426.000000 136.000000
521.000000 428.000000 136.000000
521.000000 431.000000 136.000000
523.000000 435.000000 136.000000
532.000000 487.000000 141.000000
533.000000 489.000000 141.000000
533.000000 499.000000 141.000000
534.000000 507.000000 141.000000
534.000000 509.000000 141.000000
533.000000 510.000000 141.000000
533.000000 513.000000 141.000000
532.000000 540.000000 141.000000
531.000000 548.000000 141.000000
530.000000 549.000000 141.000000
530.000000 556.000000 141.000000
529.000000 557.000000 141.000000
529.000000 560.000000 141.000000
528.000000 561.000000 141.000000
528.000000 564.000000 141.000000
530.000000 471.000000 140.000000
530.000000 475.000000 140.000000
529.000000 476.000000 140.000000
529.000000 480.000000 140.000000
530.000000 481.000000 140.000000
530.000000 485.000000 140.000000
527.000000 566.000000 140.000000
526.000000 568.000000 140.000000
529.000000 460.000000 139.000000
529.000000 466.000000 139.000000
530.000000 467.000000 139.000000
530.000000 470.000000 139.000000
522.000000 433.000000 137.000000
523.000000 436.000000 137.000000
523.000000 439.000000 137.000000
524.000000 440.000000 137.000000
524.000000 443.000000 137.000000
525.000000 444.000000 137.000000
525.000000 447.000000 137.000000
526.000000 449.000000 137.000000
526.000000 450.000000 138.000000
526.000000 453.000000 138.000000
527.000000 454.000000 138.000000
529.000000 459.000000 138.000000
527.000000 457.000000 138.000000
534.000000 501.000000 142.000000
534.000000 506.000000 142.000000
533.000000 514.000000 142.000000
533.000000 532.000000 142.000000
532.000000 534.000000 142.000000
532.000000 538.000000 142.000000
531.000000 541.000000 142.000000
531.000000 546.000000 142.000000

0 1
1 2
2 31
3 32
3 31
4 24
4 5
5 6
6 44
7 45
7 8
8 9
9 10
10 46
11 50
11 49
12 13
12 51
13 14
14 15
15 16
16 17
17 18
18 25
19 30
19 20
20 21
21 22
22 23
23 24
25 26
27 42
27 28
28 29
29 30
32 33
33 34
34 35
35 36
36 37
37 38
38 39
39 40
40 41
41 43
42 43
44 45
46 47
47 48
48 49
50 51
