104.000000 1128.000000 142.000000
108.000000 1128.000000 142.000000
115.000000 1128.000000 142.000000
99.000000 1129.000000 142.000000
103.000000 1129.000000 142.000000
71.000000 1131.000000 142.000000
76.000000 1131.000000 142.000000
88.000000 1134.000000 148.000000
91.000000 1134.000000 148.000000
81.000000 1134.000000 146.000000
83.000000 1134.000000 146.000000
94.000000 1130.000000 144.000000
68.000000 1129.000000 143.000000
50.000000 1123.000000 143.000000
52.000000 1123.000000 143.000000
54.000000 1123.000000 143.000000
59.000000 1123.000000 143.000000
53.000000 1124.000000 143.000000
61.000000 1125.000000 143.000000
63.000000 1126.000000 143.000000
85.000000 1135.000000 147.000000
87.000000 1134.000000 147.000000
66.000000 1128.000000 143.000000
120.000000 1126.000000 143.000000
116.000000 1127.000000 143.000000
92.000000 1135.000000 147.000000
109.000000 1128.000000 143.000000
113.000000 1128.000000 143.000000
95.000000 1129.000000 143.000000
98.000000 1129.000000 143.000000
69.000000 1129.000000 143.000000
93.000000 1131.000000 145.000000
93.000000 1133.000000 145.000000
79.000000 1134.000000 145.000000
122.000000 1126.000000 142.000000
118.000000 1127.000000 142.000000
65.000000 1128.000000 142.000000

0 4
0 1
1 26
2 24
2 27
3 29
3 4
5 6
5 30
6 33
7 21
7 8
8 25
9 33
9 10
10 20
11 28
11 31
12 22
12 30
13 14
14 17
15 17
15 16
16 18
18 19
19 36
20 21
22 36
23 34
23 35
24 35
25 32
26 27
28 29
31 32
