71.000000 1169.000000 123.000000
60.000000 1177.000000 123.000000
43.000000 1179.000000 123.000000
45.000000 1179.000000 123.000000
59.000000 1179.000000 123.000000
46.000000 1180.000000 123.000000
53.000000 1180.000000 123.000000
54.000000 1181.000000 123.000000
69.000000 1201.000000 123.000000
87.000000 1215.000000 123.000000
87.000000 1217.000000 123.000000
20.000000 1229.000000 131.000000
24.000000 1231.000000 131.000000
29.000000 1235.000000 131.000000
31.000000 1236.000000 131.000000
32.000000 1237.000000 131.000000
37.000000 1237.000000 131.000000
39.000000 1238.000000 131.000000
62.000000 1239.000000 131.000000
41.000000 1240.000000 131.000000
52.000000 1240.000000 131.000000
55.000000 1240.000000 131.000000
60.000000 1240.000000 131.000000
54.000000 1241.000000 131.000000
79.000000 1162.000000 124.000000
99.000000 1162.000000 124.000000
100.000000 1163.000000 124.000000
103.000000 1163.000000 124.000000
105.000000 1164.000000 124.000000
69.000000 1170.000000 124.000000
68.000000 1171.000000 124.000000
68.000000 1174.000000 124.000000
60.000000 1175.000000 124.000000
69.000000 1176.000000 124.000000
56.000000 1181.000000 124.000000
57.000000 1181.000000 124.000000
82.000000 1189.000000 124.000000
83.000000 1190.000000 124.000000
83.000000 1192.000000 124.000000
84.000000 1193.000000 124.000000
87.000000 1193.000000 124.000000
82.000000 1194.000000 124.000000
79.000000 1195.000000 124.000000
81.000000 1195.000000 124.000000
78.000000 1196.000000 124.000000
77.000000 1197.000000 124.000000
120.000000 1212.000000 124.000000
114.000000 1214.000000 124.000000
118.000000 1214.000000 124.000000
103.000000 1217.000000 124.000000
111.000000 1217.000000 124.000000
100.000000 1218.000000 124.000000
102.000000 1218.000000 124.000000
88.000000 1219.000000 124.000000
99.000000 1219.000000 124.000000
76.000000 1225.000000 124.000000
78.000000 1225.000000 124.000000
73.000000 1228.000000 124.000000
74.000000 1230.000000 124.000000
72.000000 1234.000000 124.000000
71.000000 1236.000000 124.000000
75.000000 1161.000000 125.000000
78.000000 1161.000000 125.000000
75.000000 1198.000000 125.000000
73.000000 1199.000000 125.000000
71.000000 1200.000000 125.000000
112.000000 1215.000000 125.000000
112.000000 1216.000000 125.000000
88.000000 1224.000000 125.000000
90.000000 1226.000000 125.000000
69.000000 1237.000000 125.000000
80.000000 1171.000000 126.000000
82.000000 1171.000000 126.000000
79.000000 1172.000000 126.000000
84.000000 1173.000000 126.000000
59.000000 1174.000000 126.000000
60.000000 1174.000000 126.000000
79.000000 1174.000000 126.000000
85.000000 1175.000000 126.000000
87.000000 1175.000000 126.000000
96.000000 1184.000000 126.000000
99.000000 1187.000000 126.000000
99.000000 1188.000000 126.000000
97.000000 1189.000000 126.000000
94.000000 1190.000000 126.000000
96.000000 1190.000000 126.000000
91.000000 1192.000000 126.000000
89.000000 1193.000000 126.000000
74.000000 1199.000000 126.000000
86.000000 1222.000000 126.000000
84.000000 1223.000000 126.000000
80.000000 1224.000000 126.000000
83.000000 1224.000000 126.000000
92.000000 1227.000000 126.000000
92.000000 1232.000000 126.000000
93.000000 1233.000000 126.000000
67.000000 1235.000000 126.000000
93.000000 1237.000000 126.000000
75.000000 1163.000000 127.000000
75.000000 1167.000000 127.000000
78.000000 1170.000000 127.000000
84.000000 1174.000000 127.000000
62.000000 1175.000000 127.000000
64.000000 1175.000000 127.000000
76.000000 1175.000000 127.000000
78.000000 1175.000000 127.000000
66.000000 1177.000000 127.000000
68.000000 1177.000000 127.000000
69.000000 1177.000000 127.000000
72.000000 1177.000000 127.000000
74.000000 1177.000000 127.000000
97.000000 1185.000000 127.000000
93.000000 1190.000000 127.000000
94.000000 1239.000000 127.000000
96.000000 1241.000000 127.000000
97.000000 1243.000000 127.000000
98.000000 1244.000000 127.000000
98.000000 1246.000000 127.000000
99.000000 1247.000000 127.000000
99.000000 1249.000000 127.000000
100.000000 1250.000000 127.000000
100.000000 1252.000000 127.000000
101.000000 1253.000000 127.000000
102.000000 1255.000000 127.000000
70.000000 1192.000000 114.000000
72.000000 1193.000000 114.000000
75.000000 1195.000000 114.000000
77.000000 1195.000000 114.000000
78.000000 1196.000000 114.000000
80.000000 1196.000000 114.000000
82.000000 1198.000000 114.000000
71.000000 1162.000000 115.000000
69.000000 1164.000000 115.000000
69.000000 1166.000000 115.000000
74.000000 1195.000000 115.000000
83.000000 1199.000000 115.000000
86.000000 1202.000000 115.000000
88.000000 1203.000000 115.000000
90.000000 1203.000000 115.000000
70.000000 1168.000000 116.000000
70.000000 1169.000000 116.000000
72.000000 1171.000000 116.000000
72.000000 1177.000000 116.000000
70.000000 1190.000000 116.000000
91.000000 1203.000000 116.000000
93.000000 1203.000000 116.000000
101.000000 1203.000000 116.000000
104.000000 1203.000000 116.000000
95.000000 1204.000000 116.000000
100.000000 1204.000000 116.000000
71.000000 1177.000000 128.000000
67.000000 1234.000000 128.000000
71.000000 1179.000000 117.000000
71.000000 1180.000000 117.000000
69.000000 1182.000000 117.000000
28.000000 1187.000000 117.000000
30.000000 1189.000000 117.000000
69.000000 1189.000000 117.000000
32.000000 1190.000000 117.000000
36.000000 1190.000000 117.000000
73.000000 1194.000000 117.000000
106.000000 1202.000000 117.000000
40.000000 1189.000000 118.000000
38.000000 1190.000000 118.000000
69.000000 1190.000000 118.000000
69.000000 1193.000000 118.000000
70.000000 1194.000000 118.000000
68.000000 1196.000000 118.000000
108.000000 1202.000000 118.000000
41.000000 1188.000000 119.000000
45.000000 1188.000000 119.000000
72.000000 1195.000000 119.000000
69.000000 1198.000000 119.000000
68.000000 1200.000000 119.000000
66.000000 1204.000000 119.000000
108.000000 1204.000000 119.000000
106.000000 1206.000000 119.000000
46.000000 1188.000000 120.000000
49.000000 1188.000000 120.000000
74.000000 1196.000000 120.000000
77.000000 1196.000000 120.000000
68.000000 1202.000000 120.000000
67.000000 1205.000000 120.000000
104.000000 1207.000000 120.000000
102.000000 1208.000000 120.000000
67.000000 1209.000000 120.000000
97.000000 1210.000000 120.000000
100.000000 1210.000000 120.000000
70.000000 1212.000000 120.000000
73.000000 1172.000000 121.000000
75.000000 1172.000000 121.000000
76.000000 1173.000000 121.000000
79.000000 1173.000000 121.000000
35.000000 1174.000000 121.000000
37.000000 1176.000000 121.000000
51.000000 1185.000000 121.000000
50.000000 1187.000000 121.000000
79.000000 1199.000000 121.000000
79.000000 1201.000000 121.000000
69.000000 1202.000000 121.000000
81.000000 1203.000000 121.000000
81.000000 1205.000000 121.000000
96.000000 1211.000000 121.000000
89.000000 1212.000000 121.000000
94.000000 1212.000000 121.000000
71.000000 1213.000000 121.000000
71.000000 1217.000000 121.000000
72.000000 1170.000000 122.000000
80.000000 1173.000000 122.000000
85.000000 1173.000000 122.000000
93.000000 1177.000000 122.000000
25.000000 1232.000000 130.000000
27.000000 1234.000000 130.000000
66.000000 1235.000000 130.000000
39.000000 1178.000000 122.000000
41.000000 1178.000000 122.000000
63.000000 1238.000000 130.000000
97.000000 1178.000000 122.000000
94.000000 1178.000000 122.000000
52.000000 1183.000000 122.000000
83.000000 1207.000000 122.000000

0 207
0 29
1 32
1 4
2 215
2 3
3 5
4 35
5 6
6 7
7 219
7 34
8 199
8 65
9 203
9 10
10 53
11 12
12 211
13 212
13 14
14 15
15 16
16 17
17 19
18 216
18 22
19 20
20 23
21 23
21 22
24 62
24 25
25 26
26 27
27 28
29 30
30 31
31 33
32 75
33 107
34 35
36 37
37 38
38 39
39 41
39 40
40 87
41 43
42 44
42 43
44 45
45 63
46 48
47 48
47 66
49 52
49 50
50 67
51 54
51 52
53 89
53 54
55 57
55 56
56 91
57 58
58 59
59 60
60 70
61 98
61 62
63 88
64 88
64 65
66 67
68 69
68 89
69 93
70 96
71 73
71 72
71 100
72 74
73 77
74 101
75 76
76 102
77 105
78 101
78 79
79 80
80 111
81 82
81 111
82 83
83 85
84 112
84 85
86 112
86 87
89 90
90 92
91 92
93 94
94 95
95 97
96 151
97 113
98 99
99 100
102 103
103 106
104 110
104 105
106 107
107 108
108 150
109 150
109 110
113 114
114 115
115 116
116 117
117 118
118 119
119 120
120 121
121 122
122 123
124 143
124 125
125 134
126 134
126 127
127 128
128 129
129 130
130 135
131 132
132 133
133 139
134 160
135 136
136 137
137 138
138 144
139 140
140 141
141 142
142 152
143 157
144 145
145 148
146 149
146 147
147 161
148 149
151 213
152 153
153 154
154 157
155 156
156 158
157 164
158 159
159 163
160 171
161 168
162 169
162 163
164 165
165 166
166 167
167 172
168 175
169 170
170 177
171 179
172 173
173 181
174 182
174 181
175 176
176 183
177 178
178 196
179 180
180 197
181 199
182 185
183 184
184 187
185 188
186 202
186 187
188 205
189 190
189 207
190 191
191 192
192 208
193 194
194 214
195 219
195 196
197 198
198 200
200 201
201 220
202 204
203 204
205 206
208 209
209 210
210 218
211 212
213 216
214 215
217 218
