379.000000 1973.000000 61.000000
380.000000 1973.000000 61.000000
382.000000 1975.000000 61.000000
378.000000 1971.000000 62.000000
408.000000 2012.000000 63.000000
408.000000 2016.000000 63.000000
376.000000 1969.000000 64.000000
406.000000 2004.000000 64.000000
406.000000 2009.000000 64.000000
407.000000 2011.000000 64.000000
373.000000 1966.000000 65.000000
374.000000 1967.000000 65.000000
406.000000 1994.000000 65.000000
406.000000 2003.000000 65.000000
368.000000 1963.000000 66.000000
370.000000 1964.000000 66.000000
371.000000 1965.000000 66.000000
403.000000 1982.000000 66.000000
403.000000 1984.000000 66.000000
404.000000 1987.000000 66.000000
405.000000 1989.000000 66.000000
406.000000 1990.000000 66.000000
406.000000 1993.000000 66.000000
403.000000 1979.000000 67.000000
403.000000 1981.000000 67.000000
404.000000 1985.000000 67.000000
364.000000 1963.000000 68.000000
406.000000 1973.000000 68.000000
406.000000 1975.000000 68.000000
405.000000 1977.000000 68.000000
363.000000 1962.000000 69.000000
406.000000 1966.000000 69.000000
405.000000 1967.000000 69.000000
405.000000 1970.000000 69.000000
406.000000 1972.000000 69.000000
417.000000 1933.000000 70.000000
414.000000 1936.000000 70.000000
412.000000 1940.000000 70.000000
410.000000 1943.000000 70.000000
410.000000 1945.000000 70.000000
409.000000 1946.000000 70.000000
409.000000 1948.000000 70.000000
408.000000 1949.000000 70.000000
373.000000 1951.000000 70.000000
408.000000 1956.000000 70.000000
407.000000 1957.000000 70.000000
364.000000 1960.000000 70.000000
407.000000 1961.000000 70.000000
406.000000 1963.000000 70.000000
406.000000 1964.000000 70.000000
424.000000 1922.000000 71.000000
422.000000 1924.000000 71.000000
418.000000 1932.000000 71.000000
413.000000 1938.000000 71.000000
384.000000 1941.000000 71.000000
381.000000 1942.000000 71.000000
382.000000 1942.000000 71.000000
411.000000 1942.000000 71.000000
379.000000 1944.000000 71.000000
379.000000 1945.000000 71.000000
376.000000 1948.000000 71.000000
432.000000 1907.000000 72.000000
429.000000 1910.000000 72.000000
429.000000 1913.000000 72.000000
428.000000 1914.000000 72.000000
428.000000 1916.000000 72.000000
394.000000 1931.000000 72.000000
391.000000 1934.000000 72.000000
391.000000 1935.000000 72.000000
387.000000 1939.000000 72.000000
385.000000 1940.000000 72.000000
375.000000 1949.000000 72.000000
434.000000 1903.000000 73.000000
433.000000 1905.000000 73.000000
401.000000 1926.000000 73.000000
400.000000 1927.000000 73.000000
397.000000 1928.000000 73.000000
398.000000 1928.000000 73.000000
395.000000 1930.000000 73.000000
435.000000 1900.000000 74.000000
433.000000 1902.000000 74.000000
411.000000 1916.000000 74.000000
405.000000 1921.000000 74.000000
406.000000 1921.000000 74.000000
402.000000 1924.000000 74.000000
465.000000 1851.000000 75.000000
461.000000 1855.000000 75.000000
459.000000 1858.000000 75.000000
417.000000 1912.000000 75.000000
414.000000 1913.000000 75.000000
415.000000 1913.000000 75.000000
412.000000 1915.000000 75.000000
467.000000 1850.000000 76.000000
466.000000 1851.000000 76.000000
460.000000 1857.000000 76.000000
451.000000 1875.000000 76.000000
432.000000 1901.000000 76.000000
429.000000 1902.000000 76.000000
426.000000 1903.000000 76.000000
427.000000 1903.000000 76.000000
423.000000 1905.000000 76.000000
424.000000 1905.000000 76.000000
421.000000 1907.000000 76.000000
421.000000 1908.000000 76.000000
419.000000 1910.000000 76.000000
483.000000 1817.000000 77.000000
480.000000 1823.000000 77.000000
480.000000 1824.000000 77.000000
478.000000 1826.000000 77.000000
476.000000 1830.000000 77.000000
476.000000 1832.000000 77.000000
474.000000 1836.000000 77.000000
473.000000 1837.000000 77.000000
473.000000 1839.000000 77.000000
472.000000 1840.000000 77.000000
472.000000 1842.000000 77.000000
470.000000 1844.000000 77.000000
468.000000 1848.000000 77.000000
459.000000 1860.000000 77.000000
457.000000 1864.000000 77.000000
457.000000 1866.000000 77.000000
455.000000 1868.000000 77.000000
455.000000 1869.000000 77.000000
452.000000 1872.000000 77.000000
452.000000 1873.000000 77.000000
451.000000 1876.000000 77.000000
451.000000 1878.000000 77.000000
450.000000 1880.000000 77.000000
446.000000 1884.000000 77.000000
446.000000 1886.000000 77.000000
442.000000 1890.000000 77.000000
442.000000 1892.000000 77.000000
435.000000 1898.000000 77.000000
431.000000 1901.000000 77.000000
444.000000 1888.000000 78.000000
440.000000 1894.000000 78.000000
437.000000 1896.000000 78.000000
439.000000 1896.000000 78.000000

0 1
0 3
1 2
3 6
4 9
4 5
6 11
7 13
7 8
8 9
10 11
10 16
12 22
12 13
14 15
14 26
15 16
17 24
17 18
18 25
19 25
19 20
20 21
21 22
23 24
23 29
26 30
27 34
27 28
28 29
30 46
31 32
31 49
32 33
33 34
35 52
35 36
36 53
37 53
37 57
38 57
38 39
39 40
40 41
41 42
42 44
43 71
43 46
44 45
45 47
47 48
48 49
50 51
50 65
51 52
54 70
54 56
55 56
55 58
58 59
59 60
60 71
61 62
61 73
62 63
63 64
64 65
66 78
66 67
67 68
68 69
69 70
72 80
72 73
72 79
74 75
74 84
75 77
76 77
76 78
79 132
80 96
81 91
81 83
82 83
82 84
85 93
85 86
86 94
87 94
87 118
88 104
88 90
89 90
89 91
92 93
92 117
95 125
95 124
96 133
97 133
97 99
98 99
98 101
100 101
100 102
102 103
103 104
105 106
106 107
107 108
108 109
109 110
110 111
111 112
112 113
113 114
114 115
115 116
116 117
118 119
119 120
120 121
121 122
122 123
123 124
125 126
126 127
127 128
128 129
129 134
130 131
130 134
131 135
132 136
135 137
136 137
