605.000000 1667.000000 128.000000
588.000000 1668.000000 128.000000
590.000000 1668.000000 128.000000
600.000000 1668.000000 128.000000
591.000000 1669.000000 128.000000
598.000000 1669.000000 128.000000
538.000000 1654.000000 130.000000
587.000000 1667.000000 128.000000
642.000000 1662.000000 131.000000
644.000000 1662.000000 131.000000
640.000000 1663.000000 131.000000
641.000000 1663.000000 131.000000
634.000000 1665.000000 131.000000
638.000000 1665.000000 131.000000
579.000000 1667.000000 128.000000
628.000000 1665.000000 130.000000
574.000000 1666.000000 128.000000
495.000000 1631.000000 129.000000
573.000000 1667.000000 128.000000
571.000000 1667.000000 128.000000
498.000000 1634.000000 129.000000
578.000000 1666.000000 128.000000
500.000000 1635.000000 129.000000
502.000000 1637.000000 129.000000
499.000000 1634.000000 130.000000
503.000000 1637.000000 130.000000
505.000000 1639.000000 130.000000
626.000000 1666.000000 129.000000
532.000000 1652.000000 129.000000
507.000000 1640.000000 130.000000
508.000000 1640.000000 130.000000
510.000000 1642.000000 130.000000
536.000000 1653.000000 129.000000
512.000000 1642.000000 130.000000
516.000000 1645.000000 130.000000
518.000000 1645.000000 130.000000
514.000000 1644.000000 130.000000
520.000000 1647.000000 130.000000
540.000000 1655.000000 129.000000
543.000000 1656.000000 129.000000
545.000000 1657.000000 129.000000
534.000000 1652.000000 130.000000
548.000000 1657.000000 129.000000
528.000000 1651.000000 130.000000
530.000000 1651.000000 130.000000
550.000000 1659.000000 129.000000
552.000000 1659.000000 129.000000
553.000000 1660.000000 129.000000
556.000000 1660.000000 129.000000
544.000000 1656.000000 130.000000
558.000000 1661.000000 129.000000
541.000000 1655.000000 130.000000
559.000000 1662.000000 129.000000
629.000000 1666.000000 130.000000
632.000000 1666.000000 130.000000
561.000000 1662.000000 129.000000
615.000000 1666.000000 129.000000
617.000000 1666.000000 129.000000
563.000000 1663.000000 129.000000
565.000000 1665.000000 129.000000
606.000000 1667.000000 129.000000
616.000000 1667.000000 129.000000
569.000000 1665.000000 129.000000
607.000000 1666.000000 129.000000
601.000000 1667.000000 128.000000

0 64
0 60
1 7
1 2
2 4
3 64
3 5
4 5
6 32
6 38
7 14
8 11
8 9
10 11
10 13
12 54
12 13
14 21
15 27
15 53
16 18
16 21
17 20
18 19
19 62
20 24
22 24
22 23
23 25
25 26
26 29
27 57
28 44
28 41
29 30
30 31
31 33
32 41
33 36
34 36
34 35
35 37
37 43
38 51
39 49
39 51
40 49
40 42
42 45
43 44
45 46
46 47
47 48
48 50
50 52
52 55
53 54
55 58
56 63
56 61
57 61
58 59
59 62
60 63
