61.000000 1209.000000 153.000000
73.000000 1210.000000 155.000000
63.000000 1210.000000 153.000000
51.000000 1167.000000 150.000000
46.000000 1173.000000 150.000000
44.000000 1177.000000 150.000000
43.000000 1179.000000 150.000000
42.000000 1180.000000 150.000000
42.000000 1182.000000 150.000000
43.000000 1183.000000 150.000000
65.000000 1210.000000 153.000000
75.000000 1211.000000 155.000000
62.000000 1211.000000 153.000000
72.000000 1210.000000 154.000000
102.000000 1223.000000 157.000000
104.000000 1223.000000 158.000000
106.000000 1224.000000 158.000000
59.000000 1206.000000 153.000000
84.000000 1217.000000 156.000000
87.000000 1217.000000 156.000000
89.000000 1218.000000 156.000000
76.000000 1211.000000 155.000000
91.000000 1220.000000 156.000000
79.000000 1214.000000 155.000000
93.000000 1221.000000 156.000000
80.000000 1214.000000 155.000000
96.000000 1221.000000 156.000000
82.000000 1215.000000 155.000000
86.000000 1217.000000 155.000000
47.000000 1186.000000 151.000000
48.000000 1188.000000 151.000000
49.000000 1191.000000 151.000000
61.000000 1159.000000 149.000000
57.000000 1162.000000 149.000000
58.000000 1162.000000 149.000000
54.000000 1164.000000 149.000000
55.000000 1164.000000 149.000000
52.000000 1166.000000 149.000000
50.000000 1168.000000 149.000000
48.000000 1169.000000 149.000000
47.000000 1171.000000 149.000000
45.000000 1175.000000 149.000000
46.000000 1184.000000 152.000000
48.000000 1189.000000 152.000000
49.000000 1193.000000 152.000000
50.000000 1195.000000 152.000000
53.000000 1198.000000 152.000000
54.000000 1198.000000 152.000000
58.000000 1202.000000 152.000000
59.000000 1204.000000 152.000000
98.000000 1222.000000 157.000000
100.000000 1222.000000 157.000000
67.000000 1209.000000 154.000000
70.000000 1209.000000 154.000000
59.000000 1207.000000 153.000000
45.000000 1184.000000 151.000000

0 54
0 12
1 13
1 11
2 12
2 10
3 37
3 38
4 40
4 41
5 41
5 6
6 7
7 8
8 9
9 55
10 52
11 21
13 53
14 51
14 15
15 16
17 49
17 54
18 27
18 28
19 28
19 20
20 22
21 23
22 24
23 25
24 26
25 27
26 50
29 42
29 30
30 43
31 43
31 44
32 34
33 34
33 36
35 36
35 37
38 39
39 40
42 55
44 45
45 46
46 47
47 48
48 49
50 51
52 53
