333.000000 1870.000000 65.000000
336.000000 1873.000000 65.000000
336.000000 1874.000000 65.000000
339.000000 1877.000000 65.000000
342.000000 1877.000000 65.000000
343.000000 1878.000000 65.000000
345.000000 1878.000000 65.000000
346.000000 1879.000000 65.000000
348.000000 1879.000000 65.000000
366.000000 1886.000000 65.000000
367.000000 1887.000000 65.000000
378.000000 1887.000000 65.000000
380.000000 1889.000000 65.000000
382.000000 1890.000000 65.000000
384.000000 1890.000000 65.000000
386.000000 1892.000000 65.000000
392.000000 1892.000000 65.000000
394.000000 1893.000000 65.000000
353.000000 1878.000000 66.000000
349.000000 1879.000000 66.000000
351.000000 1879.000000 66.000000
354.000000 1879.000000 66.000000
356.000000 1880.000000 66.000000
358.000000 1880.000000 66.000000
360.000000 1881.000000 66.000000
364.000000 1885.000000 66.000000
401.000000 1890.000000 66.000000
395.000000 1892.000000 66.000000
399.000000 1892.000000 66.000000
365.000000 1871.000000 67.000000
363.000000 1872.000000 67.000000
360.000000 1874.000000 67.000000
356.000000 1875.000000 67.000000
358.000000 1875.000000 67.000000
354.000000 1877.000000 67.000000
347.000000 1881.000000 67.000000
347.000000 1882.000000 67.000000
343.000000 1886.000000 67.000000
322.000000 1888.000000 67.000000
325.000000 1888.000000 67.000000
402.000000 1890.000000 67.000000
407.000000 1890.000000 67.000000
384.000000 1862.000000 68.000000
377.000000 1867.000000 68.000000
371.000000 1868.000000 68.000000
375.000000 1868.000000 68.000000
368.000000 1869.000000 68.000000
370.000000 1869.000000 68.000000
367.000000 1870.000000 68.000000
364.000000 1871.000000 68.000000
361.000000 1873.000000 68.000000
357.000000 1875.000000 68.000000
340.000000 1886.000000 68.000000
342.000000 1886.000000 68.000000
335.000000 1887.000000 68.000000
339.000000 1887.000000 68.000000
323.000000 1888.000000 68.000000
327.000000 1888.000000 68.000000
332.000000 1888.000000 68.000000
334.000000 1888.000000 68.000000
328.000000 1889.000000 68.000000
331.000000 1889.000000 68.000000
408.000000 1889.000000 68.000000
411.000000 1889.000000 68.000000
331.000000 1892.000000 68.000000
329.000000 1894.000000 68.000000
327.000000 1895.000000 68.000000
405.000000 1844.000000 69.000000
402.000000 1846.000000 69.000000
403.000000 1846.000000 69.000000
398.000000 1849.000000 69.000000
399.000000 1849.000000 69.000000
391.000000 1854.000000 69.000000
393.000000 1854.000000 69.000000
390.000000 1856.000000 69.000000
386.000000 1860.000000 69.000000
382.000000 1863.000000 69.000000
380.000000 1864.000000 69.000000
378.000000 1866.000000 69.000000
413.000000 1889.000000 69.000000
416.000000 1889.000000 69.000000
320.000000 1890.000000 69.000000
414.000000 1890.000000 69.000000
319.000000 1891.000000 69.000000
323.000000 1896.000000 69.000000
325.000000 1896.000000 69.000000
319.000000 1897.000000 69.000000
322.000000 1897.000000 69.000000
439.000000 1829.000000 70.000000
437.000000 1830.000000 70.000000
435.000000 1831.000000 70.000000
436.000000 1831.000000 70.000000
431.000000 1833.000000 70.000000
433.000000 1833.000000 70.000000
427.000000 1834.000000 70.000000
430.000000 1834.000000 70.000000
426.000000 1835.000000 70.000000
418.000000 1837.000000 70.000000
422.000000 1837.000000 70.000000
416.000000 1838.000000 70.000000
417.000000 1838.000000 70.000000
414.000000 1839.000000 70.000000
413.000000 1840.000000 70.000000
410.000000 1841.000000 70.000000
411.000000 1841.000000 70.000000
406.000000 1843.000000 70.000000
433.000000 1874.000000 70.000000
434.000000 1874.000000 70.000000
429.000000 1878.000000 70.000000
427.000000 1880.000000 70.000000
419.000000 1887.000000 70.000000
417.000000 1889.000000 70.000000
436.000000 1872.000000 71.000000
423.000000 1885.000000 71.000000
421.000000 1886.000000 71.000000
439.000000 1871.000000 72.000000
427.000000 1883.000000 72.000000
425.000000 1884.000000 72.000000
424.000000 1885.000000 72.000000

0 1
1 2
2 3
3 4
4 5
5 6
6 7
7 8
8 19
9 10
9 25
10 11
11 12
12 13
13 14
14 15
15 16
16 17
17 27
18 21
18 34
18 20
19 20
19 35
21 22
22 23
23 24
24 25
26 40
26 28
27 28
29 49
29 48
30 49
30 50
31 50
31 33
32 51
32 34
33 51
35 36
36 37
37 53
38 56
38 81
39 56
39 57
40 41
41 62
42 75
42 76
43 78
43 45
44 47
44 45
46 48
46 47
52 55
52 53
54 59
54 55
57 60
58 61
58 59
60 61
61 64
62 63
63 79
64 65
65 66
66 85
67 105
67 69
68 69
68 71
70 71
70 73
72 73
72 74
74 75
76 77
77 78
79 82
80 111
80 82
81 83
84 87
84 85
86 87
88 89
89 91
90 91
90 93
92 95
92 93
94 96
94 95
96 98
97 100
97 98
99 100
99 101
101 102
102 104
103 104
103 105
106 107
106 108
107 112
108 109
109 116
110 111
110 114
112 115
113 118
113 114
116 117
117 118
