128.000000 1258.000000 153.000000
129.000000 1259.000000 153.000000
129.000000 1262.000000 153.000000
83.000000 1242.000000 154.000000
142.000000 1245.000000 154.000000
141.000000 1251.000000 154.000000
140.000000 1253.000000 154.000000
142.000000 1254.000000 154.000000
131.000000 1255.000000 154.000000
135.000000 1255.000000 154.000000
138.000000 1255.000000 154.000000
130.000000 1256.000000 154.000000
65.000000 1239.000000 155.000000
74.000000 1239.000000 155.000000
77.000000 1239.000000 155.000000
79.000000 1239.000000 155.000000
76.000000 1240.000000 155.000000
81.000000 1241.000000 155.000000
142.000000 1243.000000 155.000000
85.000000 1244.000000 155.000000
88.000000 1244.000000 155.000000
89.000000 1245.000000 155.000000
92.000000 1245.000000 155.000000
153.000000 1245.000000 155.000000
93.000000 1246.000000 155.000000
99.000000 1246.000000 155.000000
141.000000 1246.000000 155.000000
101.000000 1247.000000 155.000000
107.000000 1247.000000 155.000000
109.000000 1247.000000 155.000000
111.000000 1247.000000 155.000000
119.000000 1249.000000 155.000000
123.000000 1249.000000 155.000000
141.000000 1249.000000 155.000000
153.000000 1249.000000 155.000000
152.000000 1250.000000 155.000000
128.000000 1251.000000 155.000000
161.000000 1251.000000 155.000000
158.000000 1252.000000 155.000000
160.000000 1252.000000 155.000000
129.000000 1253.000000 155.000000
152.000000 1253.000000 155.000000
153.000000 1253.000000 155.000000
132.000000 1254.000000 155.000000
143.000000 1254.000000 155.000000
149.000000 1254.000000 155.000000
155.000000 1254.000000 155.000000
150.000000 1255.000000 155.000000
134.000000 1256.000000 155.000000
150.000000 1261.000000 155.000000
148.000000 1263.000000 155.000000
148.000000 1267.000000 155.000000
147.000000 1268.000000 155.000000
145.000000 1269.000000 155.000000
150.000000 1271.000000 155.000000
154.000000 1273.000000 155.000000
154.000000 1276.000000 155.000000
155.000000 1277.000000 155.000000
155.000000 1279.000000 155.000000
156.000000 1280.000000 155.000000
156.000000 1282.000000 155.000000
154.000000 1243.000000 156.000000
100.000000 1246.000000 156.000000
108.000000 1247.000000 156.000000
113.000000 1247.000000 156.000000
114.000000 1248.000000 156.000000
118.000000 1248.000000 156.000000
125.000000 1249.000000 156.000000
126.000000 1250.000000 156.000000
156.000000 1253.000000 156.000000
143.000000 1271.000000 156.000000
145.000000 1275.000000 156.000000
135.000000 1237.000000 157.000000
136.000000 1237.000000 157.000000
138.000000 1239.000000 157.000000
141.000000 1241.000000 157.000000
145.000000 1277.000000 157.000000
147.000000 1279.000000 157.000000
148.000000 1281.000000 157.000000
156.000000 1284.000000 157.000000
118.000000 1228.000000 158.000000
120.000000 1230.000000 158.000000
123.000000 1230.000000 158.000000
124.000000 1231.000000 158.000000
126.000000 1231.000000 158.000000
132.000000 1234.000000 158.000000
133.000000 1235.000000 158.000000
139.000000 1239.000000 158.000000
149.000000 1282.000000 158.000000

0 1
0 11
1 2
3 17
3 19
4 26
4 18
5 33
5 6
6 10
6 7
7 44
8 11
8 43
8 40
9 48
9 10
12 13
13 16
14 16
14 15
15 17
18 75
19 20
20 21
21 22
22 24
23 34
23 61
24 25
25 62
26 33
27 62
27 28
28 63
29 63
29 30
30 64
31 66
31 32
32 67
34 35
35 41
36 68
36 40
37 39
38 39
38 69
41 42
41 47
42 46
43 48
44 45
45 47
46 69
47 49
49 50
50 51
51 52
52 54
52 53
53 70
54 55
55 56
56 57
57 58
58 59
59 60
60 79
64 65
65 66
67 68
70 71
71 76
72 73
72 86
73 74
74 87
75 87
76 77
77 78
78 88
80 81
81 82
82 83
83 84
84 85
85 86
