367.000000 1285.000000 143.000000
367.000000 1289.000000 143.000000
368.000000 1290.000000 143.000000
390.000000 1389.000000 133.000000
390.000000 1399.000000 133.000000
391.000000 1400.000000 133.000000
391.000000 1405.000000 133.000000
392.000000 1407.000000 133.000000
375.000000 1332.000000 137.000000
376.000000 1333.000000 137.000000
376.000000 1335.000000 137.000000
377.000000 1336.000000 137.000000
377.000000 1339.000000 137.000000
378.000000 1340.000000 137.000000
378.000000 1342.000000 137.000000
369.000000 1292.000000 142.000000
369.000000 1295.000000 142.000000
370.000000 1297.000000 142.000000
379.000000 1343.000000 136.000000
379.000000 1348.000000 136.000000
374.000000 1319.000000 139.000000
370.000000 1298.000000 141.000000
370.000000 1303.000000 141.000000
370.000000 1304.000000 140.000000
370.000000 1306.000000 140.000000
371.000000 1307.000000 140.000000
371.000000 1311.000000 140.000000
372.000000 1312.000000 140.000000
367.000000 1283.000000 144.000000
372.000000 1313.000000 139.000000
372.000000 1315.000000 139.000000
373.000000 1316.000000 139.000000
373.000000 1318.000000 139.000000
379.000000 1350.000000 135.000000
379.000000 1354.000000 135.000000
380.000000 1356.000000 135.000000
381.000000 1357.000000 135.000000
381.000000 1359.000000 135.000000
382.000000 1360.000000 135.000000
382.000000 1362.000000 135.000000
384.000000 1364.000000 135.000000
384.000000 1365.000000 135.000000
374.000000 1321.000000 139.000000
393.000000 1414.000000 132.000000
385.000000 1366.000000 134.000000
385.000000 1373.000000 134.000000
386.000000 1374.000000 134.000000
386.000000 1376.000000 134.000000
387.000000 1377.000000 134.000000
387.000000 1380.000000 134.000000
388.000000 1381.000000 134.000000
388.000000 1385.000000 134.000000
389.000000 1386.000000 134.000000
374.000000 1322.000000 138.000000
389.000000 1388.000000 134.000000
374.000000 1328.000000 138.000000
375.000000 1330.000000 138.000000
392.000000 1409.000000 132.000000
393.000000 1410.000000 132.000000
394.000000 1415.000000 132.000000
394.000000 1417.000000 132.000000
395.000000 1418.000000 132.000000
395.000000 1421.000000 132.000000
396.000000 1423.000000 132.000000

0 28
0 1
1 2
2 15
3 54
3 4
4 5
5 6
6 7
7 57
8 9
8 56
9 10
10 11
11 12
12 13
13 14
14 18
15 16
16 17
17 21
18 19
19 33
20 32
20 42
21 22
22 23
23 24
24 25
25 26
26 27
27 29
29 30
30 31
31 32
33 34
34 35
35 36
36 37
37 38
38 39
39 40
40 41
41 44
42 53
43 58
43 59
44 45
45 46
46 47
47 48
48 49
49 50
50 51
51 52
52 54
53 55
55 56
57 58
59 60
60 61
61 62
62 63
