515.000000 1550.000000 166.000000
507.000000 1593.000000 160.000000
505.000000 1595.000000 160.000000
505.000000 1596.000000 160.000000
513.000000 1565.000000 166.000000
513.000000 1557.000000 166.000000
514.000000 1556.000000 166.000000
514.000000 1554.000000 166.000000
501.000000 1605.000000 157.000000
503.000000 1607.000000 157.000000
503.000000 1608.000000 157.000000
524.000000 1534.000000 167.000000
522.000000 1534.000000 167.000000
516.000000 1541.000000 167.000000
515.000000 1543.000000 167.000000
515.000000 1548.000000 167.000000
514.000000 1551.000000 167.000000
514.000000 1553.000000 167.000000
507.000000 1589.000000 161.000000
507.000000 1591.000000 161.000000
508.000000 1592.000000 161.000000
527.000000 1532.000000 168.000000
525.000000 1534.000000 168.000000
530.000000 1530.000000 169.000000
533.000000 1530.000000 169.000000
529.000000 1531.000000 169.000000
506.000000 1583.000000 162.000000
506.000000 1586.000000 162.000000
507.000000 1588.000000 162.000000
536.000000 1528.000000 170.000000
534.000000 1530.000000 170.000000
506.000000 1582.000000 163.000000
521.000000 1536.000000 167.000000
503.000000 1600.000000 158.000000
501.000000 1602.000000 158.000000
501.000000 1603.000000 158.000000
510.000000 1573.000000 164.000000
509.000000 1574.000000 164.000000
509.000000 1577.000000 164.000000
508.000000 1578.000000 164.000000
508.000000 1580.000000 164.000000
512.000000 1566.000000 165.000000
510.000000 1567.000000 165.000000
510.000000 1571.000000 165.000000

0 16
0 15
1 20
1 2
2 3
3 33
4 41
4 5
5 6
6 7
7 17
8 9
8 35
9 10
11 12
11 22
12 32
13 32
13 14
14 15
16 17
18 28
18 19
19 20
21 22
21 25
23 25
23 24
24 30
26 31
26 27
27 28
29 30
31 40
33 34
34 35
36 37
36 43
37 38
38 39
39 40
41 42
42 43
