521.000000 1678.000000 149.000000
520.000000 1680.000000 149.000000
495.000000 1607.000000 131.000000
525.000000 1667.000000 147.000000
495.000000 1610.000000 131.000000
525.000000 1671.000000 147.000000
524.000000 1672.000000 147.000000
524.000000 1674.000000 147.000000
530.000000 1700.000000 160.000000
532.000000 1700.000000 160.000000
525.000000 1701.000000 160.000000
529.000000 1701.000000 160.000000
498.000000 1612.000000 133.000000
506.000000 1621.000000 138.000000
508.000000 1622.000000 138.000000
522.000000 1703.000000 157.000000
524.000000 1637.000000 143.000000
525.000000 1655.000000 145.000000
497.000000 1612.000000 132.000000
525.000000 1660.000000 145.000000
524.000000 1646.000000 143.000000
521.000000 1700.000000 154.000000
522.000000 1702.000000 154.000000
520.000000 1693.000000 152.000000
519.000000 1694.000000 152.000000
519.000000 1696.000000 152.000000
534.000000 1700.000000 161.000000
535.000000 1701.000000 161.000000
535.000000 1705.000000 161.000000
534.000000 1706.000000 161.000000
519.000000 1681.000000 150.000000
519.000000 1683.000000 150.000000
532.000000 1706.000000 161.000000
528.000000 1710.000000 161.000000
503.000000 1618.000000 136.000000
505.000000 1619.000000 136.000000
522.000000 1676.000000 148.000000
521.000000 1633.000000 142.000000
524.000000 1636.000000 142.000000
516.000000 1629.000000 141.000000
519.000000 1629.000000 141.000000
521.000000 1631.000000 141.000000
525.000000 1661.000000 146.000000
525.000000 1666.000000 146.000000
523.000000 1701.000000 158.000000
513.000000 1626.000000 140.000000
514.000000 1628.000000 140.000000
525.000000 1647.000000 144.000000
525.000000 1654.000000 144.000000
518.000000 1685.000000 151.000000
519.000000 1687.000000 151.000000
500.000000 1614.000000 135.000000
501.000000 1616.000000 135.000000
509.000000 1622.000000 139.000000
511.000000 1624.000000 139.000000
519.000000 1691.000000 151.000000
523.000000 1704.000000 156.000000

0 36
0 1
1 30
2 4
3 43
3 5
4 18
5 6
6 7
7 36
8 11
8 9
9 26
10 44
10 11
12 18
12 51
13 35
13 14
14 53
15 56
15 44
16 38
16 20
17 48
17 19
19 42
20 47
21 25
21 22
22 56
23 55
23 24
24 25
26 27
27 28
28 29
29 32
30 31
31 49
32 33
34 52
34 35
37 41
37 38
39 46
39 40
40 41
42 43
45 54
45 46
47 48
49 50
50 55
51 52
53 54
